13 0.065734375 0.411140625 0.13146875 0.1691875
25 0.238765625 0.393796875 0.134765625 0.16565625
4 0.3669375 0.383796875 0.1276875 0.161375
1 0.49682812500000006 0.37084375 0.119390625 0.15771875
5 0.630375 0.357671875 0.1095 0.152828125
38 0.76075 0.344234375 0.10540624999999999 0.15003125
3 0.9018593750000001 0.330328125 0.10320312499999999 0.14953125
4 0.8754843749999999 0.48584375 0.10053125 0.1483125
43 0.763671875 0.5 0.11065624999999998 0.1483125
0 0.3776875 0.547359375 0.122921875 0.158203125
33 0.26415625 0.560546875 0.1325625 0.16259375
36 0.078484375 0.583015625 0.13940625 0.168328125
3 0.51465625 0.531734375 0.11859375000000001 0.153078125
29 0.63378125 0.5139375 0.112421875 0.15003125
