20 0.088 0.310546875 0.0989375 0.14684375
32 0.18078125 0.318359375 0.10320312499999999 0.147578125
10 0.3410625 0.33425 0.10210937499999999 0.151
40 0.44360937500000003 0.3466875 0.10723437499999999 0.154046875
33 0.547359375 0.3566875 0.11615625 0.156609375
1 0.77490625 0.37915625 0.130734375 0.16003125
28 0.919921875 0.392828125 0.137578125 0.164796875
36 0.861328125 0.55615625 0.13 0.15503125
45 0.74121875 0.54053125 0.12445312500000001 0.151484375
12 0.56153125 0.517578125 0.11395312500000002 0.1483125
51 0.44165625000000003 0.500984375 0.10393749999999999 0.143671875
24 0.34278125 0.48829687499999996 0.10089062499999998 0.142453125
21 0.222171875 0.47582812499999994 0.1015625 0.14196875
29 0.085578125 0.4585 0.10192187500000001 0.140875
