23 0.12878125 0.42603125000000003 0.13915625 0.171015625
0 0.24939062500000003 0.41576562499999997 0.1325625 0.16528125
35 0.36840625 0.40307812500000006 0.1305 0.16259375
12 0.49389062499999997 0.390875 0.119015625 0.156375
47 0.6045 0.37915625 0.1095 0.153078125
8 0.73046875 0.367921875 0.10521875 0.151484375
17 0.8383749999999999 0.356203125 0.10210937499999999 0.151734375
47 0.90234375 0.50390625 0.0989375 0.147578125
39 0.767578125 0.521484375 0.1065 0.149296875
51 0.63428125 0.53759375 0.11126562499999999 0.150515625
0 0.5271250000000001 0.553 0.11517187499999999 0.15478125
34 0.42090625 0.565921875 0.120234375 0.1586875
41 0.302484375 0.583015625 0.130984375 0.1643125
16 0.16003125 0.598640625 0.139890625 0.168578125