49 0.3532708333333333 0.436125 0.10535416666666667 0.112671875
30 0.5920833333333333 0.33678125 0.12072916666666668 0.122265625
44 0.24354166666666668 0.310296875 0.10604166666666666 0.11846874999999998
46 0.8760416666666667 0.479375 0.1400625 0.12528125
0 0.8952083333333333 0.353171875 0.14018750000000002 0.128609375
25 0.45247916666666665 0.446734375 0.1124375 0.11564062500000001
40 0.7470416666666666 0.34359375000000003 0.13129166666666667 0.127671875
48 0.6145208333333334 0.455984375 0.11954166666666667 0.11734375
1 0.24579166666666669 0.42756249999999996 0.10531249999999999 0.1145
39 0.341125 0.32109375 0.10675 0.11803125
22 0.4478958333333333 0.327453125 0.11195833333333334 0.119
9 0.14908333333333335 0.422640625 0.1054375 0.112125
5 0.73175 0.46853125 0.12758333333333333 0.121875
