49 0.08465625 0.2995625 0.109125 0.13403125
37 0.22937500000000002 0.30321875 0.10320312499999999 0.13574999999999998
31 0.332765625 0.306390625 0.10089062499999998 0.135015625
44 0.461921875 0.309328125 0.09875 0.134515625
20 0.585453125 0.312015625 0.1014375 0.134515625
15 0.734859375 0.314703125 0.10778125000000001 0.13574999999999998
51 0.8354531250000001 0.317390625 0.10778125000000001 0.13574999999999998
39 0.8545 0.46118750000000003 0.106328125 0.13
38 0.742671875 0.458015625 0.1045 0.12793749999999998
45 0.562984375 0.45337500000000003 0.094671875 0.124875
49 0.45165625 0.44996875000000003 0.094671875 0.12525
29 0.353765625 0.44825 0.098078125 0.12464062499999999
10 0.22778125 0.44384375 0.10284374999999998 0.127203125
18 0.08820312500000001 0.4385 0.10614062500000002 0.126953125
