8 0.8555625 0.522609375 0.1199375 0.11417187499999999
4 0.5227916666666667 0.51253125 0.11429166666666667 0.11160937500000001
45 0.7757916666666667 0.400453125 0.11835416666666668 0.11773437499999999
2 0.4168541666666667 0.51815625 0.1151875 0.110515625
31 0.11729166666666666 0.40189062499999995 0.11425 0.11775
27 0.6661041666666667 0.403984375 0.11270833333333334 0.119015625
47 0.7460208333333332 0.518171875 0.11745833333333335 0.11056250000000001
21 0.13247916666666668 0.5156875000000001 0.11941666666666667 0.1124375
38 0.5585 0.397953125 0.11366666666666667 0.11932812500000001
48 0.24325000000000002 0.516125 0.12166666666666666 0.11078125000000001
51 0.8846458333333334 0.3995 0.1220625 0.119359375
36 0.23083333333333333 0.40245312499999997 0.11827083333333334 0.11825000000000001
36 0.4387916666666667 0.395296875 0.1145625 0.118
10 0.6360625 0.516375 0.11325 0.11014062499999999