18 0.3221875 0.512671875 0.10931249999999999 0.12260937499999999
37 0.464 0.38870312500000004 0.125375 0.13570312499999998
44 0.7249166666666667 0.404671875 0.14597916666666666 0.14090625
44 0.904 0.5569375 0.16129166666666667 0.14278125
6 0.20208333333333334 0.49976562500000005 0.11268750000000001 0.1190625
0 0.7141875 0.5430937499999999 0.14110416666666667 0.13573437500000002
38 0.08622916666666666 0.49024999999999996 0.111875 0.115203125
46 0.10656249999999999 0.3799375 0.10466666666666667 0.12328125000000001
25 0.9210208333333333 0.40582812500000004 0.15347916666666667 0.14703125
34 0.431125 0.515296875 0.12116666666666666 0.125140625
1 0.5913125 0.39953125 0.13660416666666667 0.139671875
50 0.56575 0.528578125 0.12627083333333333 0.134546875
43 0.31054166666666666 0.38359375 0.1210625 0.12971875
10 0.206375 0.37821875 0.11064583333333333 0.1209375
