41 0.5726666666666667 0.50553125 0.11616666666666667 0.12164062499999999
46 0.7300625000000001 0.37039062500000003 0.10420833333333333 0.12303125
13 0.32058333333333333 0.39590625 0.13558333333333333 0.13178125000000002
18 0.6331875 0.3715 0.10916666666666666 0.124875
29 0.3051875 0.5413281249999999 0.13933333333333334 0.1303125
40 0.46841666666666665 0.520125 0.1230625 0.12365625
36 0.9153958333333333 0.359046875 0.0884375 0.11864062500000001
19 0.16589583333333333 0.41021875 0.14106249999999998 0.13803125
12 0.9383750000000001 0.46135937499999996 0.09656250000000001 0.11556249999999998
27 0.19158333333333333 0.54334375 0.14597916666666666 0.13578125000000002
7 0.4622291666666667 0.387984375 0.1301875 0.126796875
43 0.8248541666666667 0.359671875 0.09502083333333333 0.11509375
24 0.6940000000000001 0.4880625 0.11195833333333334 0.12185937499999999
10 0.8385208333333334 0.47292187500000005 0.10935416666666667 0.1189375