12 0.5755 0.43671875 0.113625 0.12390625
13 0.36314583333333333 0.590859375 0.13514583333333335 0.134640625
19 0.317375 0.4653125 0.13241666666666668 0.13253125
19 0.428375 0.45278124999999997 0.12247916666666667 0.129125
32 0.20895833333333333 0.6191718749999999 0.14633333333333332 0.13665624999999998
28 0.7764375 0.52196875 0.10310416666666668 0.114203125
14 0.7589583333333334 0.409109375 0.10074999999999999 0.115375
35 0.47108333333333335 0.5702812500000001 0.12897916666666667 0.12979687499999998
28 0.17445833333333333 0.486109375 0.15622916666666667 0.137484375
21 0.5794166666666667 0.5534687500000001 0.11977083333333334 0.119890625
50 0.6705625000000001 0.5378437500000001 0.10935416666666667 0.12184375
22 0.6679583333333333 0.42362500000000003 0.10414583333333334 0.11603125
48 0.8476458333333333 0.39823437500000003 0.091125 0.10628125
26 0.8671666666666666 0.502234375 0.09377083333333333 0.10953125