45 0.15391666666666665 0.42300000000000004 0.09025 0.100546875
0 0.2366875 0.42603125000000003 0.09835416666666667 0.106625
13 0.3969791666666667 0.4381875 0.09952083333333334 0.10487500000000001
36 0.5121458333333334 0.443390625 0.10529166666666666 0.110078125
11 0.6116875 0.44771875000000005 0.107625 0.113546875
25 0.7598333333333334 0.45596875 0.1215 0.114421875
12 0.8744166666666667 0.46204687499999997 0.13077083333333334 0.11962500000000001
44 0.14814583333333334 0.52409375 0.0879375 0.097890625
38 0.23204166666666665 0.5306093749999999 0.09604166666666666 0.10396875000000001
38 0.3958125 0.544484375 0.094875 0.10221875
25 0.48725 0.5509999999999999 0.10645833333333334 0.1065625
14 0.5937291666666666 0.560546875 0.11108333333333334 0.11176562500000001
8 0.7007916666666667 0.56965625 0.1191875 0.11609375
42 0.8414166666666667 0.5818125000000001 0.12960416666666666 0.11956249999999999
