38 0.08154687499999999 0.395015625 0.162109375 0.22778125
26 0.23254687500000001 0.371828125 0.174078125 0.2160625
14 0.376203125 0.352296875 0.1589375 0.20398437500000002
41 0.509765625 0.328375 0.141234375 0.194953125
9 0.63184375 0.31128125 0.124203125 0.187984375
15 0.7734375 0.290046875 0.114203125 0.180046875
50 0.8823281250000001 0.274421875 0.098578125 0.172125
50 0.9106406249999999 0.444828125 0.098453125 0.16771875
18 0.7993125 0.468265625 0.111453125 0.173828125
18 0.64453125 0.503421875 0.12359374999999999 0.18334375
21 0.52978125 0.526140625 0.13159375 0.187375
49 0.40356249999999994 0.556640625 0.14684375 0.195921875
11 0.267828125 0.58740625 0.168828125 0.21007812499999998
19 0.112421875 0.620609375 0.18653124999999998 0.223390625
