11 0.14766666666666667 0.45062499999999994 0.12864583333333332 0.11195312500000001
42 0.2548958333333333 0.44878125 0.11762500000000001 0.11195312500000001
24 0.35720833333333335 0.44603125 0.10904166666666668 0.110125
28 0.4595416666666667 0.44418749999999996 0.11027083333333333 0.106453125
35 0.5698333333333333 0.44006249999999997 0.105375 0.1036875
7 0.667875 0.435921875 0.10291666666666667 0.106453125
33 0.8541458333333334 0.43317187500000004 0.12008333333333333 0.10278125
15 0.18012499999999998 0.55996875 0.12008333333333333 0.104546875
28 0.27879166666666666 0.55584375 0.11885416666666666 0.10179687500000001
20 0.37866666666666665 0.551703125 0.1078125 0.100875
21 0.474875 0.55078125 0.10658333333333332 0.099046875
44 0.5716875 0.547109375 0.09679166666666666 0.099046875
0 0.6648125 0.5448125 0.1016875 0.09812499999999999
39 0.8265833333333333 0.539765625 0.1139375 0.10089062499999998