28 0.7086666666666667 0.5196875000000001 0.1033125 0.11225
8 0.11360416666666667 0.432140625 0.14337499999999997 0.12989062499999998
34 0.2685833333333333 0.43128124999999995 0.12072916666666668 0.12606250000000002
4 0.5454583333333333 0.41784375 0.1113125 0.1201875
6 0.8012291666666667 0.507640625 0.09964583333333334 0.10874999999999999
45 0.6041875 0.523359375 0.10958333333333334 0.11409375
19 0.38158333333333333 0.545015625 0.12158333333333333 0.12309375
45 0.38352083333333337 0.42284375 0.1175625 0.12056249999999999
22 0.18447916666666667 0.560125 0.13733333333333334 0.12989062499999998
35 0.8642083333333334 0.396796875 0.09504166666666666 0.10492187500000001
33 0.7703541666666667 0.404328125 0.09914583333333334 0.11134375
42 0.899875 0.498015625 0.09431250000000001 0.1073125
29 0.6516875 0.407015625 0.10289583333333334 0.112140625
43 0.4960833333333333 0.5354062500000001 0.11716666666666667 0.118921875
