32 0.7586875000000001 0.502828125 0.1033125 0.108109375
11 0.1454375 0.551359375 0.12712500000000002 0.11456249999999998
14 0.23704166666666668 0.42824999999999996 0.12775 0.11667187500000001
20 0.5285 0.5228125 0.10595833333333333 0.10882812500000001
16 0.952875 0.38921875 0.08341666666666667 0.10921875
27 0.4111666666666667 0.52640625 0.114875 0.11090625000000001
21 0.6393541666666667 0.51321875 0.10345833333333333 0.108375
24 0.7660833333333333 0.39403125 0.1050625 0.11387499999999999
25 0.545875 0.40679687500000006 0.1075625 0.11476562500000001
18 0.8608125 0.384953125 0.09891666666666667 0.109203125
9 0.38214583333333335 0.41825 0.11585416666666666 0.11115625
51 0.278625 0.5417500000000001 0.11977083333333334 0.110125
17 0.8561041666666667 0.498328125 0.09508333333333334 0.105625
50 0.643875 0.40214062500000003 0.10029166666666667 0.116046875
