43 0.11878124999999999 0.389890625 0.117984375 0.1431875
29 0.2575625 0.393328125 0.112421875 0.1429375
38 0.37134375 0.3986875 0.10723437499999999 0.14440625
9 0.48071875000000003 0.40209374999999997 0.1045 0.145390625
2 0.589359375 0.40528125 0.11065624999999998 0.147828125
19 0.744625 0.4086875 0.11878124999999999 0.150515625
3 0.8696249999999999 0.41259375 0.125734375 0.152828125
7 0.8579062499999999 0.569828125 0.12145312500000001 0.1434375
34 0.710453125 0.567390625 0.11315625 0.141234375
5 0.551765625 0.556640625 0.10320312499999999 0.137578125
31 0.44678125 0.55371875 0.1015625 0.13574999999999998
16 0.34765625 0.5493125 0.10504687500000001 0.1355
48 0.24634375 0.5444375 0.10559375 0.13525
26 0.122125 0.540046875 0.11315625 0.13684375