6 0.1121875 0.46753125000000006 0.14440625 0.167484375
4 0.28271875 0.44165625000000003 0.1329375 0.159421875
22 0.39453125 0.42748437499999997 0.12084375 0.151
2 0.534671875 0.40454687500000003 0.10968750000000001 0.145390625
5 0.67578125 0.383796875 0.098453125 0.140875
48 0.77490625 0.367671875 0.094 0.13915625
23 0.8911093749999999 0.34962499999999996 0.08757812499999999 0.136359375
3 0.8881875000000001 0.48975 0.08820312500000001 0.13390625
25 0.7836875 0.508296875 0.095703125 0.137578125
25 0.667484375 0.531734375 0.09740625 0.139890625
20 0.575453125 0.550296875 0.10687500000000001 0.143671875
46 0.451171875 0.574703125 0.117984375 0.15003125
27 0.29540625 0.604984375 0.12989062499999998 0.15918749999999998
49 0.1638125 0.62890625 0.13525 0.16259375
