14 0.15043749999999997 0.437109375 0.12958333333333333 0.1194375
42 0.26964583333333336 0.437109375 0.12727083333333333 0.11596875
3 0.4849375 0.444046875 0.11800000000000001 0.12290625
37 0.5937291666666666 0.44578125 0.10875 0.11595312499999999
31 0.6990416666666667 0.44839062500000004 0.12033333333333333 0.11768749999999999
48 0.8032083333333334 0.450125 0.12495833333333332 0.11421875
3 0.9097083333333333 0.44925 0.12958333333333333 0.12290625
35 0.13654166666666667 0.55253125 0.12495833333333332 0.11764062500000001
23 0.24070833333333336 0.549921875 0.12033333333333333 0.1124375
45 0.4131666666666666 0.556875 0.11800000000000001 0.10895312500000001
50 0.523125 0.5568593749999999 0.11106250000000001 0.1124375
30 0.6400208333333333 0.558609375 0.113375 0.11590625000000002
25 0.7441875 0.55946875 0.12727083333333333 0.121109375
15 0.8680416666666667 0.5638124999999999 0.12495833333333332 0.112421875
