46 0.8042031250000001 0.433125 0.156375 0.18653124999999998
27 0.8305624999999999 0.633296875 0.1586875 0.187984375
18 0.679203125 0.58446875 0.1378125 0.175296875
43 0.650390625 0.394046875 0.140875 0.17725
47 0.534671875 0.364984375 0.12359374999999999 0.16809375
24 0.42578125 0.33740625 0.112421875 0.163703125
14 0.415046875 0.49779687499999997 0.1121875 0.156375
0 0.324484375 0.467796875 0.10210937499999999 0.15234375
40 0.335203125 0.31275 0.104125 0.156125
16 0.228515625 0.2836875 0.095703125 0.15075
48 0.22374999999999998 0.434578125 0.095703125 0.146125
2 0.130609375 0.261234375 0.086609375 0.14684375
34 0.126703125 0.40454687500000003 0.084046875 0.140984375
46 0.522953125 0.5310312500000001 0.12067187500000001 0.16296875
