20 0.905125 0.510796875 0.16497916666666665 0.141875
25 0.44114583333333335 0.5791875 0.1228125 0.126203125
39 0.5850000000000001 0.469734375 0.1378125 0.139203125
30 0.7782291666666666 0.49176562500000004 0.16072916666666667 0.13934375000000002
17 0.4204375 0.44901562500000003 0.12675 0.136328125
13 0.8639791666666666 0.637546875 0.15602083333333333 0.13864062500000002
1 0.30793750000000003 0.43571875000000004 0.120125 0.13240625
16 0.7341875000000001 0.626203125 0.14929166666666666 0.135921875
46 0.22785416666666666 0.545109375 0.11297916666666666 0.1234375
47 0.09927083333333334 0.40973437500000004 0.10293749999999999 0.12759375
12 0.19852083333333334 0.42396874999999995 0.10783333333333332 0.128515625
3 0.11397916666666667 0.5328593749999999 0.11274999999999999 0.1201875
6 0.3315 0.5641093749999999 0.11152083333333333 0.1256875