36 0.1275625 0.28125 0.086609375 0.1381875
24 0.250984375 0.296390625 0.09125 0.14171875
31 0.345453125 0.309328125 0.099671875 0.144171875
13 0.45629687499999994 0.32665625 0.10595312500000001 0.150515625
33 0.5835 0.34375 0.117984375 0.15478125
7 0.769046875 0.368171875 0.13025 0.159421875
22 0.892578125 0.38525 0.13659375 0.16699999999999998
46 0.8310625 0.5444375 0.13134375 0.159796875
30 0.705078125 0.519796875 0.12598437499999998 0.156375
17 0.571296875 0.497078125 0.11296874999999999 0.149046875
37 0.44775 0.47509375 0.10521875 0.1431875
44 0.33446875 0.452640625 0.09601562500000001 0.137578125
40 0.22374999999999998 0.434578125 0.090265625 0.135015625
4 0.1305 0.41796875 0.086796875 0.133671875