4 0.0833125 0.386765625 0.12033333333333333 0.14028125
46 0.19441666666666665 0.39284375 0.1156875 0.138546875
36 0.304375 0.398921875 0.11800000000000001 0.14028125
12 0.4224375 0.406734375 0.12264583333333333 0.1350625
22 0.5381666666666667 0.4110625 0.12727083333333333 0.13679687499999998
21 0.7222083333333333 0.42495312500000004 0.14810416666666668 0.13679687499999998
51 0.8529791666666667 0.433625 0.15504166666666666 0.143734375
41 0.07404166666666666 0.511734375 0.12033333333333333 0.122875
0 0.17820833333333336 0.520421875 0.12033333333333333 0.13674999999999998
51 0.29627083333333337 0.52909375 0.12033333333333333 0.13674999999999998
29 0.407375 0.534296875 0.12033333333333333 0.133265625
18 0.5242916666666667 0.5473125 0.12727083333333333 0.13153125000000002
12 0.7314583333333334 0.5629375 0.14347916666666669 0.13846875
31 0.8587708333333333 0.5724843749999999 0.15272916666666667 0.1401875
