33 0.1238125 0.49610937499999996 0.15504166666666666 0.143703125
36 0.25577083333333334 0.485703125 0.14579166666666668 0.140234375
41 0.38077083333333334 0.4726875 0.1411666666666667 0.13503125
38 0.5242916666666667 0.4579375 0.12264583333333333 0.1333125
1 0.6272916666666667 0.450125 0.1064375 0.128109375
31 0.7245208333333333 0.43884375000000003 0.1018125 0.1333125
6 0.8171041666666666 0.4266875 0.1018125 0.126375
49 0.19558333333333333 0.62803125 0.14579166666666668 0.13670312499999998
47 0.31827083333333334 0.613265625 0.1411666666666667 0.145375
21 0.4316875 0.5959218749999999 0.13189583333333335 0.134984375
20 0.5381666666666667 0.58290625 0.11800000000000001 0.122828125
32 0.6481250000000001 0.56728125 0.1156875 0.12284375
12 0.7476666666666667 0.5568593749999999 0.11106250000000001 0.12978125000000001
29 0.844875 0.5403749999999999 0.1018125 0.11764062500000001