32 0.39929166666666666 0.528453125 0.11127083333333333 0.114484375
33 0.11233333333333334 0.47748437499999996 0.09064583333333333 0.107421875
45 0.197625 0.494625 0.09616666666666666 0.11082812500000001
29 0.8979791666666667 0.48079687499999996 0.15739583333333332 0.14935937500000002
42 0.6982708333333334 0.585484375 0.1413125 0.137953125
20 0.2894583333333333 0.513109375 0.10466666666666667 0.11682812499999999
3 0.8559166666666667 0.610421875 0.16 0.147125
30 0.7535416666666667 0.46079687500000005 0.13135416666666666 0.13289062499999998
42 0.14127083333333335 0.375046875 0.093125 0.11996875
4 0.49947916666666664 0.431171875 0.1214375 0.130078125
9 0.23331249999999998 0.389890625 0.0971875 0.112328125
51 0.338875 0.403421875 0.10552083333333333 0.12273437499999999
23 0.6319374999999999 0.443515625 0.1333125 0.13625
15 0.5478958333333334 0.55859375 0.12914583333333335 0.12892187500000002