16 0.128546875 0.366453125 0.12878125 0.14953125
7 0.276859375 0.353765625 0.120234375 0.145875
50 0.40014062499999997 0.34228125 0.11046875 0.14221875
11 0.508796875 0.332515625 0.10303124999999999 0.13965624999999998
19 0.623046875 0.32178125 0.098265625 0.1378125
20 0.747078125 0.309078125 0.093015625 0.134765625
10 0.888671875 0.296140625 0.0910625 0.132328125
12 0.8515625 0.43529687499999997 0.0856875 0.12890625
26 0.76025 0.4453125 0.091375 0.12890625
6 0.607421875 0.4663125 0.094484375 0.13159375
51 0.508796875 0.47582812499999994 0.102484375 0.13390625
41 0.3881875 0.49193749999999997 0.10968750000000001 0.137328125
15 0.265140625 0.505859375 0.11878124999999999 0.142703125
32 0.12793749999999998 0.521 0.124875 0.144890625
