19 0.1586875 0.324265625 0.10904166666666668 0.129453125
13 0.2597916666666667 0.336671875 0.11516666666666667 0.130375
48 0.4270625 0.360109375 0.12620833333333334 0.1294375
40 0.5416458333333334 0.37571875 0.13477083333333334 0.134953125
29 0.6721666666666667 0.390890625 0.14335416666666667 0.13770312499999998
40 0.7879791666666667 0.40604687500000003 0.1519375 0.140453125
42 0.9074583333333333 0.42212500000000003 0.16052083333333333 0.139515625
39 0.13602083333333334 0.441890625 0.11027083333333333 0.12021875
33 0.24202083333333332 0.458421875 0.11639583333333332 0.1275625
23 0.412375 0.481859375 0.12129166666666666 0.122953125
8 0.5196041666666666 0.498859375 0.12741666666666665 0.123859375
49 0.6262083333333333 0.5176875 0.1396875 0.13028125
38 0.7420208333333334 0.5346875 0.14825 0.13118749999999998
41 0.8602916666666667 0.5489375 0.15439583333333334 0.130265625
