42 0.13193749999999999 0.41978125000000005 0.092 0.10860937500000001
3 0.22177083333333333 0.42465624999999996 0.10502083333333333 0.110546875
32 0.328125 0.43345312500000005 0.0989375 0.111203125
11 0.4257708333333333 0.43865625 0.10154166666666667 0.11379687499999999
37 0.5247291666666667 0.44418749999999996 0.1085 0.11965624999999999
19 0.7157083333333334 0.45720312500000004 0.12585416666666666 0.127453125
16 0.8350624999999999 0.46306250000000004 0.138875 0.131359375
21 0.12933333333333333 0.525875 0.09027083333333333 0.10204687500000001
1 0.217 0.53465625 0.0989375 0.105296875
5 0.31206249999999996 0.54409375 0.09633333333333334 0.108546875
35 0.4192708333333333 0.5548437500000001 0.10414583333333334 0.110484375
30 0.5160416666666666 0.56296875 0.11022916666666666 0.11764062500000001
7 0.7065833333333333 0.582828125 0.12325 0.1221875
23 0.8489583333333334 0.596171875 0.13714583333333333 0.126734375