37 0.46822916666666664 0.49934375 0.11635416666666668 0.1111875
18 0.3571666666666667 0.482515625 0.10666666666666667 0.11000000000000001
42 0.6007916666666666 0.520546875 0.11733333333333333 0.116234375
41 0.28910416666666666 0.3705625 0.10275 0.107671875
6 0.6221041666666667 0.40446875000000004 0.11664583333333334 0.11485937500000001
2 0.7202916666666667 0.534125 0.12552083333333333 0.11699999999999999
7 0.11066666666666666 0.35528125 0.09372916666666667 0.106296875
1 0.20116666666666666 0.3665 0.09502083333333333 0.101421875
34 0.37043750000000003 0.3796875 0.097625 0.110203125
9 0.4609166666666667 0.3899375 0.11195833333333334 0.10921875
43 0.7246041666666667 0.414828125 0.128875 0.121890625
19 0.837875 0.42362500000000003 0.13408333333333333 0.12384375
14 0.0891875 0.45290625 0.097625 0.1043125
30 0.17445833333333333 0.46365625 0.0989375 0.112109375
25 0.25585416666666666 0.47390625000000003 0.1054375 0.109171875
13 0.8645625 0.5495625000000001 0.13799999999999998 0.127703125