32 0.33695833333333336 0.324703125 0.11652083333333334 0.1338125
45 0.4003125 0.45720312500000004 0.11818749999999999 0.127109375
20 0.2736458333333333 0.44523437499999996 0.11222916666666666 0.125
19 0.08120833333333333 0.424046875 0.09941666666666667 0.119484375
28 0.17725 0.431453125 0.1068125 0.119828125
11 0.8931041666666667 0.371671875 0.15764583333333335 0.141578125
33 0.19533333333333333 0.310328125 0.11839583333333333 0.1315625
27 0.08349999999999999 0.29704687500000004 0.1078125 0.125359375
48 0.5616249999999999 0.34221875 0.13189583333333335 0.138890625
46 0.6720416666666666 0.48460937499999995 0.13954166666666667 0.128859375
42 0.5138333333333333 0.47121874999999996 0.126125 0.13096875
23 0.4458958333333333 0.329359375 0.12458333333333332 0.141625
39 0.7539791666666668 0.366296875 0.15041666666666667 0.1474375
24 0.8398958333333333 0.5113125000000001 0.15347916666666667 0.138796875