22 0.137328125 0.27075 0.07934375 0.136359375
35 0.21935937499999997 0.286625 0.086 0.137078125
17 0.325203125 0.307625 0.09740625 0.14465625
22 0.4165 0.32959375 0.10192187500000001 0.148078125
42 0.574703125 0.362546875 0.11554687500000001 0.151
27 0.766109375 0.40404687499999997 0.1325625 0.161015625
34 0.88184375 0.42821875 0.143921875 0.169921875
37 0.108765625 0.395265625 0.077515625 0.1274375
42 0.21349999999999997 0.421390625 0.08228125 0.129390625
19 0.303953125 0.44425 0.090765625 0.136109375
47 0.399421875 0.470703125 0.099484375 0.13915625
23 0.541015625 0.5078125 0.11126562499999999 0.145140625
48 0.7085 0.552734375 0.12659375 0.154546875
2 0.860359375 0.594734375 0.140375 0.163453125
