42 0.112421875 0.405453125 0.133328125 0.167203125
45 0.253421875 0.40014062499999997 0.12273437499999999 0.15918749999999998
44 0.41185937499999997 0.395265625 0.114203125 0.154046875
1 0.530765625 0.392578125 0.108578125 0.151
28 0.63915625 0.388671875 0.104859375 0.14978125
11 0.8012656249999999 0.383296875 0.1045 0.148796875
15 0.907234375 0.37915625 0.10210937499999999 0.14709375
35 0.24059375 0.573109375 0.12359374999999999 0.160765625
39 0.35840625 0.567875 0.11395312500000002 0.15734375
13 0.503421875 0.559578125 0.10840625 0.150515625
30 0.61475 0.55015625 0.104859375 0.14734375
6 0.7915 0.542484375 0.10320312499999999 0.146125
27 0.891609375 0.538578125 0.099484375 0.14709375
37 0.11596875 0.58446875 0.12915625 0.16504687499999998