13 0.434040 0.792837 0.043835 0.059985
18 0.297653 0.640673 0.068881 0.069120
19 0.458539 0.636943 0.067124 0.062816
20 0.334262 0.694545 0.054088 0.066751
21 0.384738 0.649488 0.059367 0.070121
22 0.432372 0.303669 0.068484 0.060082
23 0.567595 0.429710 0.066086 0.054378
24 0.345846 0.572559 0.050409 0.064984
25 0.280763 0.579251 0.067765 0.058114
14 0.436679 0.497730 0.067604 0.064556
15 0.256776 0.394307 0.043996 0.056023
16 0.311979 0.394698 0.068323 0.062450
17 0.328529 0.314542 0.068004 0.061048
39 0.504961 0.780945 0.069361 0.069921
44 0.524828 0.680949 0.066565 0.069589
45 0.508003 0.502675 0.068323 0.063617
46 0.586484 0.493966 0.060800 0.045121
47 0.480832 0.431449 0.062006 0.052210
48 0.634223 0.613143 0.070324 0.066524
49 0.654550 0.369336 0.062239 0.044720
50 0.732915 0.375081 0.068405 0.057713
51 0.615821 0.309395 0.060957 0.068823
40 0.394987 0.426652 0.058007 0.065985
41 0.490210 0.269783 0.052488 0.065785
42 0.323307 0.448283 0.061358 0.067256
43 0.421721 0.227227 0.067525 0.067256
0 0.346872 0.767870 0.068402 0.060690
5 0.527135 0.584820 0.044475 0.059924
6 0.581804 0.782773 0.060639 0.044354
7 0.600037 0.723340 0.066086 0.053577
8 0.444502 0.368007 0.041207 0.057713
9 0.649273 0.679249 0.067761 0.058757
10 0.716986 0.608553 0.068165 0.069589
11 0.736254 0.515509 0.068645 0.059080
12 0.735042 0.439786 0.060642 0.041220
1 0.680862 0.296733 0.056168 0.067552
2 0.636969 0.223104 0.060238 0.068823
3 0.568533 0.270443 0.064486 0.055545
4 0.549644 0.208421 0.059844 0.046141
26 0.467910 0.713385 0.069203 0.066524
31 0.398268 0.719195 0.050395 0.065357
32 0.572867 0.656698 0.066641 0.069555
33 0.483370 0.568059 0.046877 0.060289
34 0.415967 0.567033 0.053677 0.065723
35 0.658736 0.551477 0.069125 0.066089
36 0.653317 0.417601 0.064726 0.053412
37 0.556746 0.361170 0.063126 0.051810
38 0.503821 0.345189 0.046555 0.058418
27 0.363116 0.497470 0.065599 0.068388
28 0.261073 0.512862 0.056237 0.061988
29 0.381056 0.353711 0.069042 0.064418
30 0.369564 0.270616 0.066565 0.067622
52 0.581696 0.570739 0.049916 0.064957
52 0.661845 0.474103 0.047209 0.061248
