33 0.481445 0.676758 0.076172 0.091797
34 0.534180 0.696289 0.076172 0.091797
35 0.094727 0.301758 0.052734 0.072266
36 0.148438 0.303223 0.054688 0.073242
39 0.507812 0.480469 0.050781 0.074219
44 0.562500 0.481445 0.052734 0.072266
45 0.615723 0.478516 0.055664 0.074219
46 0.704102 0.336914 0.083984 0.087891
47 0.748047 0.368164 0.082031 0.087891
48 0.790039 0.401367 0.083984 0.087891
49 0.835938 0.430664 0.082031 0.087891
50 0.881836 0.463379 0.083984 0.088867
47 0.765625 0.617188 0.082031 0.089844
48 0.816406 0.642578 0.078125 0.093750
49 0.870117 0.662109 0.080078 0.093750
50 0.920898 0.685547 0.080078 0.093750
51 0.062500 0.676758 0.066406 0.083984
40 0.118164 0.682617 0.068359 0.083984
41 0.172852 0.692383 0.068359 0.083984
5 0.367188 0.290039 0.066406 0.080078
6 0.419434 0.304688 0.063477 0.082031
7 0.469727 0.316406 0.064453 0.082031
8 0.521484 0.328125 0.066406 0.082031
8 0.227539 0.471680 0.064453 0.080078
9 0.282227 0.475586 0.064453 0.080078
10 0.336914 0.484375 0.064453 0.082031
12 0.508789 0.174805 0.076172 0.083984
1 0.554688 0.198331 0.078125 0.083806
2 0.603516 0.220703 0.078125 0.085938
52 0.041016 0.300781 0.054688 0.074219
