18 0.573224 0.151178 0.094955 0.087738
13 0.548257 0.472709 0.094836 0.092281
13 0.624172 0.760407 0.094258 0.089637
19 0.734314 0.188827 0.082952 0.099431
21 0.649137 0.240945 0.083220 0.097457
20 0.189216 0.479227 0.105118 0.082077
22 0.484084 0.736667 0.094139 0.079992
24 0.317022 0.765380 0.083220 0.096154
17 0.618931 0.390874 0.089421 0.098128
15 0.586590 0.655390 0.084169 0.069900
25 0.407976 0.520824 0.096024 0.097495
0 0.427379 0.158869 0.088100 0.104086
0 0.728804 0.350859 0.084570 0.097346
8 0.279676 0.533635 0.101913 0.086322
9 0.434278 0.858396 0.059333 0.084703
10 0.414332 0.315147 0.100074 0.102112
11 0.421558 0.422063 0.096691 0.095186
34 0.241064 0.621419 0.101335 0.083809
33 0.323612 0.236663 0.104955 0.104235
35 0.370463 0.634332 0.068264 0.087738
28 0.523403 0.249827 0.098338 0.096750
30 0.515333 0.368344 0.090148 0.100064
46 0.616818 0.548455 0.081394 0.094664
48 0.683413 0.591728 0.084317 0.095037
49 0.723934 0.720635 0.080429 0.091946
43 0.491322 0.614017 0.079836 0.095446
52 0.688078 0.464944 0.091928 0.090158
