46 0.2269698859375 0.7868500203125001 0.3142324250000001 0.7581455546875001 0.2849570546875 0.64164700625 0.205353434375 0.664309709375 0.2010730109375 0.6746659578125 0.2269698859375 0.7868500203125001
47 0.2912723375000001 0.638410084375 0.28843165625 0.6528653078125001 0.3153265578125 0.7572824468750001 0.32308158437500006 0.758144496875 0.4004008359375 0.7303042 0.36893719843750006 0.61553186875 0.2912723375000001 0.638410084375
48 0.40368323125 0.7277148734375001 0.48294123750000006 0.7000900890625 0.44735058125000005 0.5868284625 0.37356323281250003 0.610137703125 0.36978182343750005 0.6166104906250001 0.40368323125 0.7277148734375001
43 0.056834378125 0.5040292859375 0.0530529671875 0.510502075 0.0707531 0.6099581890625001 0.0865126609375 0.6097405609375001 0.15532836406250003 0.5868634046875 0.1323109765625 0.48287729062500007 0.056834378125 0.5040292859375
4 0.15836125156250003 0.5862158078124999 0.2371202453125 0.5624744859375 0.21191459375 0.4602145890625 0.13837675156250004 0.481582096875 0.13484485 0.48611315625 0.15836125156250003 0.5862158078124999
30 0.21822987656250004 0.45697766562500003 0.21469797499999999 0.46150872343750005 0.21945891718750002 0.4856715421875 0.240402640625 0.5598851578125 0.319161634375 0.5361438343750001 0.29151821093749997 0.4375518875 0.21822987656250004 0.45697766562500003
35 0.5824093109375 0.515185115625 0.655352034375 0.49079725625000004 0.6148285375000001 0.4006208859375 0.5517329984375 0.4172407640625 0.5455138203125002 0.427381503125 0.5824093109375 0.515185115625
22 0.6211438203124999 0.3973839625 0.6173624125 0.4038567515625 0.6561966578125 0.49187587656250004 0.72476285625 0.4709404515625 0.7255113765625002 0.46511525937500003 0.684239359375 0.3807640828125 0.6211438203124999 0.3973839625
52 0.7280452515625 0.468351125 0.794423184375 0.44914191875000004 0.7517114234375 0.36069176718749996 0.6886158859375 0.377311646875 0.6850839828125 0.3818427046875001 0.7280452515625 0.468351125
25 0.6418231750000001 0.7108583046875001 0.7193919312500001 0.6810762765625 0.6711707093750001 0.5742885 0.6015103796875 0.5960870328125 0.59722995625 0.6064432828125 0.6418231750000001 0.7108583046875001
14 0.7204860640625 0.6802131671875 0.7936782953125001 0.653883575 0.7452075640625 0.5490375296875002 0.67748599375 0.5710515750000001 0.675144325 0.5816233375000001 0.7204860640625 0.6802131671875
15 0.795021934375 0.6510787359375 0.8662754078125 0.6245336312500002 0.8151174 0.525297265625 0.7473958281249999 0.5473113109375002 0.7458026828125001 0.55205788125 0.795021934375 0.6510787359375
16 0.8197434328125001 0.5199030984375 0.8142727750000001 0.5242186437500002 0.8673695406249999 0.6236705234375001 0.9344959937500001 0.598636125 0.933555265625 0.5906536890625 0.8794604734375 0.49896873281250004 0.8197434328125001 0.5199030984375
12 0.3943462875 0.2953639328125 0.393943378125 0.3061512078125 0.42433137812500005 0.383384115625 0.479172875 0.3697856484375 0.49289757500000003 0.3624486921875 0.461319340625 0.27917507812500003 0.3943462875 0.2953639328125
1 0.4656958671875 0.275722640625 0.46191445625 0.2821954296875 0.4937421984375 0.3635273140625 0.5601201328125 0.3443181078125 0.55798916875 0.3302949671875 0.5266031406250001 0.26082898125 0.4656958671875 0.275722640625
2 0.5631530203125 0.3436705109375 0.6275921984375 0.3242457921875 0.5916374359375001 0.2444246140625 0.53485718125 0.2578075703125 0.528887509375 0.26600657656250004 0.5631530203125 0.3436705109375
3 0.5960139625 0.24097217656250003 0.5924820609375 0.2455032359375 0.6306250859375 0.3235981953125 0.6931255046875 0.30395796406250003 0.6907450328125 0.2918765546875 0.6530437250000001 0.225647490625 0.5960139625 0.24097217656250003
