26 0.036133 0.176758 0.056641 0.064453
31 0.075195 0.186523 0.056641 0.064453
32 0.117188 0.197266 0.058594 0.066406
28 0.014160 0.361328 0.026367 0.066406
29 0.024414 0.509766 0.048828 0.062500
30 0.762207 0.226562 0.061523 0.070312
36 0.256836 0.334961 0.056641 0.068359
35 0.214844 0.324219 0.054688 0.066406
34 0.486328 0.733398 0.070312 0.080078
33 0.446289 0.707031 0.072266 0.078125
39 0.508789 0.552734 0.056641 0.070312
44 0.553711 0.565430 0.052734 0.068359
45 0.597656 0.575195 0.054688 0.072266
46 0.700195 0.475586 0.076172 0.072266
47 0.729492 0.510742 0.076172 0.072266
48 0.757812 0.547852 0.074219 0.072266
49 0.789062 0.583008 0.074219 0.072266
50 0.821289 0.618164 0.076172 0.076172
47 0.689453 0.720703 0.074219 0.078125
48 0.725586 0.751953 0.072266 0.078125
49 0.765625 0.780273 0.074219 0.080078
50 0.805664 0.809570 0.076172 0.080078
51 0.118164 0.619141 0.064453 0.074219
40 0.159180 0.634766 0.064453 0.074219
41 0.200195 0.655273 0.064453 0.076172
43 0.798828 0.251953 0.062500 0.070312
22 0.382812 0.153320 0.062500 0.056641
23 0.418945 0.166992 0.060547 0.068359
24 0.458008 0.187500 0.064453 0.070312
17 0.720703 0.207031 0.062500 0.070312
5 0.435547 0.370117 0.062500 0.072266
6 0.472656 0.391602 0.062500 0.072266
7 0.511719 0.411133 0.062500 0.072266
8 0.551758 0.432617 0.064453 0.072266
8 0.287109 0.489258 0.062500 0.072266
9 0.328613 0.503906 0.061523 0.070312
10 0.371094 0.520508 0.062500 0.072266
12 0.574219 0.301758 0.070312 0.072266
1 0.607422 0.331055 0.070312 0.072266
2 0.641602 0.358398 0.072266 0.072266
4 0.836914 0.276367 0.064453 0.072266
52 0.175781 0.314453 0.054688 0.066406
