0 0.6203385031249999 0.249437928125 0.6110466 0.25585310781250004 0.6263665390625001 0.28638020937499997 0.6702999125 0.2679685578125 0.668498996875 0.2550310140625 0.6574561484375 0.23614293281249998 0.6203385031249999 0.249437928125
0 0.373258809375 0.39905997500000007 0.3552753078125 0.41620285 0.37987465625 0.4434062015625 0.419530940625 0.4133555296875 0.421406809375 0.40774449062500007 0.398658346875 0.3811129609375001 0.373258809375 0.39905997500000007
5 0.20885549218750002 0.4204917796875 0.20265256250000002 0.42682951874999997 0.2044909546875 0.430492771875 0.2284775078125 0.456475040625 0.27371143125 0.4219569734375 0.24788648750000003 0.3923114546875 0.20885549218750002 0.4204917796875
6 0.6318448968750001 0.45934541250000005 0.6268800531250002 0.465033890625 0.6397238171875 0.496859515625 0.6892098468750002 0.48016332968750003 0.6788422578125 0.4470391796875 0.6732896031250001 0.4453237125 0.6318448968750001 0.45934541250000005
6 0.6797430453125 0.529858528125 0.6673496750000001 0.539442578125 0.6808187296875001 0.5693978562500001 0.6863713843750001 0.5711133234375 0.7309300484375001 0.550831325 0.716860690625 0.51656353125 0.6797430453125 0.529858528125
7 0.275750365625 0.528858503125 0.3326149515625 0.5206324640625 0.33030117812500004 0.4817423984375 0.27715085781250004 0.48802065 0.2715607234375001 0.49557947343750003 0.275750365625 0.528858503125
4 0.462639140625 0.446277103125 0.48691302500000005 0.40115648125 0.45300927812499997 0.38345973906249997 0.4467938546875 0.3928889078125 0.4287353953125 0.4285803609375 0.462639140625 0.446277103125
52 0.4797225171875 0.49901603750000006 0.518178190625 0.46034033750000003 0.49047737500000005 0.43630585625 0.47188107500000004 0.4522276437500001 0.452646990625 0.47311120937500006 0.4797225171875 0.49901603750000006
52 0.5049340046874999 0.37473931875000005 0.5482920578125 0.34583229218750006 0.5280197703125 0.3179022375 0.4964422875000001 0.33600413125 0.4846617140625 0.3468092640625 0.5049340046874999 0.37473931875000005
39 0.5837587 0.282502590625 0.5956267203125 0.25005744687500003 0.5506051703125 0.23202120156250003 0.5450150375 0.23958002656250002 0.5356481781250001 0.264543784375 0.5837587 0.282502590625
47 0.49597874218750004 0.14498473125 0.4803589796875001 0.18865195 0.5142877125 0.2001658328125 0.5280565875 0.15592679062499998 0.49597874218750004 0.14498473125
48 0.6853213453125 0.678092290625 0.7236520937500001 0.6703308906250002 0.71275915625 0.6143456484375002 0.6806188468750002 0.6188607375 0.6738031203125 0.6239773937499999 0.6853213453125 0.678092290625
48 0.43201241718750005 0.5348326265625002 0.4214324546875 0.5542627875 0.4213949765625 0.5635370765625 0.47010580468749996 0.585808396875 0.487551465625 0.5488958609375 0.43822784062500003 0.5254034562500002 0.43201241718750005 0.5348326265625002
49 0.5243692875 0.6097951828125 0.5161655609375 0.6526582609375 0.57172959375 0.660538634375 0.57806994375 0.620195165625 0.5243692875 0.6097951828125
50 0.448444196875 0.2902224546875 0.462163103125 0.258349134375 0.4159159578125 0.2378707203125 0.40970053437500004 0.24729989062500002 0.40095896406250003 0.27039330312500004 0.448444196875 0.2902224546875
51 0.2059414171875 0.37728919843750003 0.24549775937499999 0.37196996875 0.24138307343749998 0.3201423593750001 0.20369010781250002 0.32294198125000007 0.2005511640625 0.33538514218750004 0.2059414171875 0.37728919843750003
43 0.3895051796875 0.6589247218750001 0.4463447796875 0.6568815453125 0.44898335937500006 0.6153944296875 0.3940071359375001 0.6149180000000002 0.38904229375 0.620606478125 0.3895051796875 0.6589247218750001
26 0.77576355 0.462537865625 0.7707987078125002 0.46822634375 0.784267759375 0.4981816234375 0.789820415625 0.4998970890625001 0.8343790796875 0.4796150906250001 0.8159826609374999 0.44607399843750006 0.77576355 0.462537865625
26 0.5151884984375 0.28298518125 0.537536540625 0.2558413171875 0.5086101296875001 0.22936466562500002 0.4968920203125 0.22471264999999999 0.4757820671875 0.25120725156250007 0.5151884984375 0.28298518125
31 0.5869614265624999 0.5600045921875 0.5732675046875001 0.585695053125 0.612686428125 0.614381553125 0.6213280578125 0.6160195796875 0.6399993140625 0.5815492109375001 0.59687861875 0.5517190671875002 0.5869614265624999 0.5600045921875
32 0.22976622500000002 0.5961612125000001 0.2099068515625 0.6189151234375001 0.23328060625000002 0.6436763078125001 0.24068414687500003 0.645963596875 0.28286657656249997 0.6022486812500001 0.25456545625000004 0.573901684375 0.22976622500000002 0.5961612125000001
33 0.297761765625 0.7378844046874999 0.3405694859375 0.6922991421875001 0.3159701359375 0.6650957906250001 0.30917939218750007 0.664029584375 0.2676097609375 0.7089655859375 0.297761765625 0.7378844046874999
37 0.29360828125 0.389928775 0.331313740625 0.38403772031250005 0.3234972828125 0.33106646718750005 0.2913569734375 0.33558155781250004 0.28454124531249997 0.3406982125 0.29360828125 0.389928775
38 0.5525073453125 0.5256296140625001 0.5883869015625 0.5129838796875 0.5712910343750001 0.46333637656250004 0.5372748546875 0.47346250312500004 0.5360117828125001 0.480294625 0.5525073453125 0.5256296140625001
36 0.5468790734375001 0.38976157187500005 0.5987413375 0.396498303125 0.6032058171875 0.3617658703125 0.5569087015624999 0.353653178125 0.5494426984375 0.3668230390625 0.5468790734375001 0.38976157187500005
27 0.3835382890625 0.3011229796875 0.36605515 0.34730980625 0.40120947656250006 0.36126585781250004 0.419930703125 0.31442976875 0.3835382890625 0.3011229796875
30 0.6654106828125 0.40780960937500005 0.7081434468750001 0.3807729296875 0.691572928125 0.35398652031250005 0.6692998421875 0.3625818046875 0.64513839375 0.37987955781250005 0.6654106828125 0.40780960937500005
18 0.37182017968750003 0.2964709640625 0.38238765 0.28013223125000003 0.3930175828125 0.24833634999999998 0.35537458750000006 0.238770253125 0.3385167390625 0.283086734375 0.37182017968750003 0.2964709640625
22 0.4605870546875 0.18976585156250003 0.425445221875 0.17271837031249998 0.41432741875000006 0.1723788671875 0.401233803125 0.20238184218750002 0.44315388750000007 0.22358695781250001 0.4487190359375 0.22221099375 0.45992428750000003 0.2009104859375 0.4605870546875 0.18976585156250003
22 0.552108240625 0.77725653125 0.5844359390625 0.7263699921875001 0.5505571796875001 0.7024903890625 0.5331614875 0.72703720625 0.5182294796875001 0.7533769296874999 0.552108240625 0.77725653125
24 0.24350879687500002 0.252702721875 0.22416227968750002 0.30140915625000003 0.2605671859375 0.3116245140625 0.2780628171875001 0.26234625624999997 0.24350879687500002 0.252702721875
17 0.428348784375 0.677115846875 0.42014505625 0.719978925 0.47755997656250004 0.728431121875 0.48452561562499996 0.6862173046875001 0.428348784375 0.677115846875
