9 0.124462 0.801162 0.092422 0.123250
10 0.191845 0.764995 0.094291 0.120132
11 0.255412 0.728859 0.093720 0.118224
12 0.321172 0.695220 0.096392 0.116286
1 0.382013 0.657540 0.100130 0.112623
7 0.786522 0.302229 0.087202 0.084134
5 0.428514 0.461661 0.087434 0.095911
18 0.484126 0.436711 0.088500 0.093973
22 0.775847 0.504524 0.100469 0.102057
23 0.837599 0.479529 0.101767 0.100149
24 0.897729 0.456365 0.102570 0.098211
33 0.670078 0.336385 0.083310 0.086133
28 0.670873 0.192203 0.092208 0.079017
29 0.717905 0.164589 0.088470 0.074051
30 0.762134 0.138823 0.090339 0.072780
46 0.731960 0.322213 0.086476 0.084861
51 0.223540 0.433699 0.101029 0.081195
40 0.255668 0.383380 0.097291 0.075019
41 0.292600 0.340101 0.095993 0.074383
42 0.328637 0.297457 0.095345 0.070053
43 0.356549 0.251786 0.091113 0.066935
52 0.541568 0.409899 0.089797 0.089766
