39 0.34840162343750003 0.5505400578125 0.42025800156250004 0.643123878125 0.4299478453125001 0.6410344171875 0.49422780625 0.5839420671875 0.49323018437500005 0.576296934375 0.41958917968750004 0.492940728125 0.39758057812500003 0.5075118500000001 0.34840162343750003 0.5505400578125
44 0.1883759921875 0.545745759375 0.258968671875 0.4912223 0.1930795421875 0.4061945234375 0.12114377031250001 0.4580600046875001 0.1757505578125 0.5406079796875 0.18146839843750004 0.5462527390624999 0.1883759921875 0.545745759375
45 0.19561238593750005 0.40270076093749996 0.19636060312500003 0.4084346109375 0.25384570625 0.4825016671875 0.25956354843749996 0.48814642968750005 0.2642837671875 0.4861460578125001 0.33149931875 0.43628094843750004 0.328314321875 0.42714242343750003 0.2658595953125 0.35316445625000004 0.19561238593750005 0.40270076093749996
47 0.34073095625000005 0.30852621718750006 0.4018425921875 0.37984620625 0.409843871875 0.38008592187500007 0.469806359375 0.3357149484375 0.4688087375000001 0.3280698156250001 0.40297688281250005 0.25875019843749997 0.339982740625 0.30279236875000004 0.34073095625000005 0.30852621718750006
26 0.2660850671875 0.6144693062500001 0.18958241718750002 0.6771448796875 0.2541857296875 0.7752228359375 0.2620909453125 0.7823609874999999 0.26681116718750003 0.780360615625 0.3419707234375 0.7150270640625002 0.3412225078125 0.7092932140625 0.2856753734375 0.634808265625 0.2660850671875 0.6144693062500001
34 0.738853434375 0.5194020703125001 0.710513628125 0.49308954687500006 0.6527385171875001 0.5389539109375 0.6453893875000001 0.5513464843750001 0.7181861125 0.6358672781250001 0.7285281078125001 0.6464101062500002 0.733248328125 0.644409734375 0.789680346875 0.5958873906250001 0.79727888125 0.5854061 0.738853434375 0.5194020703125001
0 0.49104280937500006 0.57480354375 0.49676065156250004 0.5804483046875 0.499542903125 0.5788658250000002 0.5655114265625001 0.5194443 0.48799448125 0.43692387656250004 0.46598588124999996 0.4514949984375 0.420433459375 0.49177613906250006 0.49104280937500006 0.57480354375
8 0.7868241484375 0.4442108484375 0.7791683390625 0.4389839796875 0.77335443125 0.4402376546875 0.7175172890625001 0.48568412812500006 0.7135452859375001 0.49341835 0.794842103125 0.582001425 0.802843384375 0.5822411421875 0.860963965625 0.5313896218750002 0.8632474062500001 0.5259845750000001 0.7868241484375 0.4442108484375
1 0.5176422203125001 0.2900287609375 0.573132078125 0.34880555 0.583570140625 0.35244994062500007 0.6388124078125 0.31007934062500003 0.6447223796875 0.301927225 0.57257780625 0.23003871875000004 0.5117710390625 0.2755742796875 0.5176422203125001 0.2900287609375
2 0.63547406875 0.29213109375000007 0.6477540359375 0.302256028125 0.6505362859375001 0.30067354843750005 0.704089990625 0.26063212343750003 0.7039366484375 0.251822403125 0.6327897 0.18757902812500002 0.5756094625 0.230367521875 0.63547406875 0.29213109375000007
3 0.7009068078125001 0.1522574921875 0.6932509968750001 0.147030621875 0.687437090625 0.1482842984375 0.6400427640624999 0.1820848921875 0.6380087312500001 0.189401221875 0.7063734296875 0.2552270765625 0.7121873359375 0.2539734 0.7567994125 0.22175528593750002 0.764397946875 0.21127399531250002 0.7009068078125001 0.1522574921875
4 0.696282653125 0.14735942500000002 0.764397946875 0.21127399531250002 0.7723992281250001 0.21151371093750002 0.8186998671875 0.1769664203125 0.8226718703125 0.1692321984375 0.7618669171875001 0.1155316515625 0.7478983890625 0.107735890625 0.696282653125 0.14735942500000002
13 0.33903513125 0.7077998234375 0.34450356875 0.7115333015625 0.3492237875 0.7095329296874999 0.42050740625 0.6450351609375 0.3456193734375001 0.5521225375000001 0.30016301562500003 0.585505240625 0.2708052875 0.6124689343750002 0.33903513125 0.7077998234375
21 0.6050356953125 0.6543711703125 0.6500874890625 0.709503571875 0.6583381765625002 0.7116545687500001 0.7279332328125001 0.6494859765625001 0.6442957 0.5505997875 0.572858740625 0.6062878359375001 0.5738563625 0.6139329671875 0.6050356953125 0.6543711703125
52 0.328563728125 0.4290537078125001 0.3342815703125 0.43469847031250003 0.33706382031250004 0.433115990625 0.402341403125 0.3836687734375 0.39696902968750003 0.3730368578125 0.33526252031250003 0.304792740625 0.26864184531250007 0.35158197656250006 0.328563728125 0.4290537078125001
