9 0.393810 0.261599 0.122953 0.139847
10 0.585604 0.441704 0.125996 0.140692
11 0.659840 0.482770 0.125996 0.140692
12 0.734518 0.522591 0.125127 0.139755
1 0.611745 0.735472 0.126866 0.143342
52 0.341538 0.526960 0.129490 0.142405
35 0.316946 0.222086 0.124700 0.142177
38 0.265990 0.484957 0.128620 0.142405
27 0.685546 0.776618 0.125996 0.139755
28 0.417963 0.566472 0.128620 0.142405
29 0.492638 0.608475 0.127743 0.142405
48 0.468923 0.303213 0.122953 0.142954
14 0.758035 0.817878 0.125996 0.140143
