9 0.202148 0.467285 0.126953 0.137695
10 0.457031 0.412598 0.125000 0.129883
11 0.530273 0.377441 0.123047 0.125977
12 0.599609 0.341797 0.125000 0.125000
1 0.721680 0.553711 0.134766 0.142578
52 0.388672 0.667480 0.132812 0.155273
35 0.121094 0.507812 0.128906 0.140625
38 0.304688 0.711426 0.136719 0.161133
27 0.794922 0.514160 0.132812 0.137695
28 0.468750 0.622559 0.132812 0.151367
29 0.546875 0.580566 0.132812 0.145508
14 0.864258 0.478027 0.130859 0.131836
48 0.280273 0.428223 0.126953 0.133789
