26 0.45334774218750007 0.4760008296875 0.4837534625 0.4558207265625 0.45332027812500003 0.4101660140625001 0.4251724859375 0.4269660296875 0.42372720937499997 0.4341969703125 0.45334774218750007 0.4760008296875
31 0.48641771406250006 0.4543660640625 0.516823434375 0.4341859609375 0.48830185937500004 0.3882032828125 0.45824245625000004 0.40533126406250003 0.4563908546875 0.41063677812500005 0.48641771406250006 0.4543660640625
32 0.5194876859375 0.4327312984375 0.5518050140625 0.412223228125 0.52137183125 0.3665685171875 0.4913124265625 0.38369649843750003 0.4894608265625 0.3890020125 0.5194876859375 0.4327312984375
35 0.6519613265624999 0.39404228750000003 0.6839598015624999 0.44242115468750004 0.71627713125 0.4219130843750001 0.6816144046875001 0.37498887968750005 0.6519613265624999 0.39404228750000003
36 0.7189413828125 0.42045842187500004 0.7512587109375 0.399950353125 0.716595984375 0.353026146875 0.6884481890625 0.3698261625 0.6901334984375 0.3825054140625 0.7189413828125 0.42045842187500004
38 0.4667839328125 0.605374696875 0.49426655625000004 0.660513740625 0.52849549375 0.6396777046875001 0.49916126875 0.589844175 0.4667839328125 0.605374696875
27 0.5315660703125 0.6401484671875001 0.5662013328125 0.6212378578125 0.5368671078125001 0.5714043281250002 0.504489771875 0.58693485 0.5191037406250001 0.6233327703125 0.5315660703125 0.6401484671875001
28 0.569271909375 0.6217086203125 0.6039071734375 0.6027980109375 0.5741666234375 0.5510390562499999 0.5417892859375 0.5665695765625002 0.5403440093749999 0.5738005171875001 0.569271909375 0.6217086203125
29 0.6765157718750001 0.6511925609375 0.6750704953125001 0.6584235 0.7184786171875001 0.6998570218750001 0.7472590375000001 0.6719752156250002 0.7460400609375001 0.6661989390625002 0.70112665625 0.6270188078125001 0.6765157718750001 0.6511925609375
13 0.392203715625 0.5523305656249999 0.41947885312500005 0.5267021515625 0.38030027343750006 0.486538121875 0.35869995625 0.506205090625 0.356155721875 0.517614846875 0.392203715625 0.5523305656249999
13 0.33107850312500003 0.534885628125 0.326622659375 0.5466233515625002 0.3649885875 0.5829365281250001 0.38884683125 0.559889471875 0.38722153125000003 0.55218776875 0.35308514687500003 0.517144084375 0.33107850312500003 0.534885628125
19 0.1940890109375 0.580334815625 0.20936815156250002 0.5447936765625 0.1662000625 0.5232703453124999 0.155889375 0.5260368734374999 0.14518609375 0.5597953828125001 0.1940890109375 0.580334815625
20 0.1757443765625 0.48871310625000003 0.1619105109375 0.5170233046875 0.1631294859375 0.5227995828124999 0.21203240312500002 0.543339015625 0.22771786875000002 0.509723303125 0.1799139109375 0.4850050515625 0.1757443765625 0.48871310625000003
21 0.182458146875 0.47359529375 0.18066655312500002 0.48387835625 0.22615257500000002 0.5069991468749999 0.2322337203125 0.502963128125 0.24606758437499998 0.47465292812500004 0.197857303125 0.44800925312500006 0.182458146875 0.47359529375
22 0.62012049375 0.16806916406250003 0.6406493140625001 0.21841582812500004 0.6784151625 0.2049535296875 0.6552220890625 0.15606152656250002 0.62012049375 0.16806916406250003
23 0.6605505921875001 0.153152203125 0.6599179671875001 0.16423399375000003 0.6784151625 0.2049535296875 0.7146757250000001 0.1937446234375 0.6957121968750001 0.1461221140625 0.6845888593750001 0.1450377890625 0.6605505921875001 0.153152203125
24 0.697563796875 0.14081659843750002 0.6957121968750001 0.1461221140625 0.7173399765625 0.1922899609375 0.75168893125 0.18140902031250003 0.7527278812500001 0.17225265468750003 0.7319127515625001 0.12993565937500004 0.697563796875 0.14081659843750002
25 0.12275074687500001 0.38308460000000005 0.1449836890625 0.352335840625 0.10210190937500002 0.32278283906250005 0.08322585156250001 0.34597269375000006 0.07986896562500001 0.35353159843750004 0.12275074687500001 0.38308460000000005
14 0.11524313906250001 0.3005768859375 0.10285455156250001 0.32165614374999996 0.1368709203125 0.3467447328125 0.1472416140625 0.34895575312500005 0.16605766562500002 0.320788353125 0.126999103125 0.2905794187500001 0.11524313906250001 0.3005768859375
15 0.1338328875 0.2854167015625 0.1304760046875 0.29297560781250004 0.171446175 0.3228565765625 0.1940854421875 0.2940332406250001 0.15502687968750004 0.263824309375 0.149292053125 0.26480820625000007 0.1338328875 0.2854167015625
16 0.198254978125 0.2903251875000001 0.2189826359375 0.2618298203125 0.17610085625 0.23227681875 0.1662565015625 0.2419463203125 0.1538679125 0.263025578125 0.198254978125 0.2903251875000001
25 0.09294359218750002 0.8660338359375 0.090865690625 0.8843465671875 0.1382633234375 0.9071393937500001 0.15545407343750003 0.8712702890625 0.15348245625 0.8666207078125 0.10301424843750001 0.8433571187500001 0.09294359218750002 0.8660338359375
14 0.15348245625 0.8666207078125 0.1702668796875 0.8288261765625 0.12055131562500002 0.80443589375 0.1066574421875 0.8277685421875001 0.103766890625 0.8422304234375 0.15348245625 0.8666207078125
15 0.18589233906250002 0.7902329171875 0.18119646250000002 0.78206045 0.13768205625000005 0.763589240625 0.130095628125 0.7698786546875 0.11967865625000002 0.7956074937500001 0.12246292343750001 0.8041079265625 0.1663836546875 0.8245045625 0.1728711234375 0.8223939671875 0.18589233906250002 0.7902329171875
16 0.187337615625 0.783001978125 0.2026167546875 0.7474608406250001 0.1552191234375 0.7246680140625 0.1487316546875 0.7267786093749999 0.1365230890625 0.7627905109375 0.187337615625 0.783001978125
17 0.20863789062500004 0.7384472718749999 0.22015382187500002 0.7085396140625 0.17043825625 0.684149328125 0.16285182812500001 0.6904387421875001 0.15394013906249998 0.7139141906250001 0.151742221875 0.722271825 0.1552191234375 0.7246680140625 0.2010514625 0.7447366843750001 0.20863789062500004 0.7384472718749999
45 0.600253815625 0.8717707515625 0.644567140625 0.86117540625 0.6208014500000001 0.8283427421875 0.5892367625 0.8477241156250002 0.5877914875 0.8549550546875001 0.600253815625 0.8717707515625
51 0.8571671500000001 0.7000044921875 0.8937140218750002 0.6807659171875001 0.8612492140625 0.625484075 0.8269602671875002 0.6413425640625001 0.8255149906250001 0.6485735031250001 0.8571671500000001 0.7000044921875
40 0.8646661062500001 0.6229027171875 0.8944666640625001 0.6796392203125001 0.9314198609375 0.6623260703125 0.9008666625 0.6067162625 0.8646661062500001 0.6229027171875
41 0.9344904375 0.6627968328125 0.97335524375 0.6451557156250001 0.9389788265625001 0.5902018406250001 0.9061951640625001 0.6038069375 0.9051562140625 0.612963303125 0.9344904375 0.6627968328125
42 0.6606314671875 0.7636503046875002 0.6885992390625 0.731917646875 0.6447847906249999 0.6885586984375002 0.6163506890625001 0.713388384375 0.617223346875 0.7222167812500001 0.6606314671875 0.7636503046875002
5 0.41363925468750007 0.13765470625 0.4149182375 0.14840853125 0.43254277500000005 0.18029966875000003 0.46567275468749997 0.1636424515625 0.4499598265625 0.13142334687499999 0.41363925468750007 0.13765470625
5 0.8460590578125 0.31884392031250003 0.8853301890625 0.30312822812500007 0.8602255078125 0.25456419218750004 0.8228059765625 0.26497436875 0.8213607015625 0.2722053078125 0.8460590578125 0.31884392031250003
6 0.8868954812500001 0.30585238437500006 0.9242550046875 0.2904646578125 0.898743996875 0.23997519687500002 0.8636424 0.2519828343750001 0.861384475 0.255362921875 0.8868954812500001 0.30585238437500006
7 0.9273255796875001 0.2909354234375 0.9642787781250001 0.273622271875 0.9372624875 0.22538620156250003 0.9040725000000001 0.23706587187500003 0.9026272234375 0.24429681093750003 0.9273255796875001 0.2909354234375
8 0.9410857046875001 0.2247302703125 0.9642787781250001 0.273622271875 0.97349050625 0.2750345625000001 0.96396500625 0.21581712656250002 0.9410857046875001 0.2247302703125
9 0.26815304843750004 0.3681142578125 0.30128302812499996 0.351457040625 0.2765846703125 0.30481842968750006 0.24571261875000003 0.31809555937500006 0.24739792656250004 0.3307748109375 0.26815304843750004 0.3681142578125
10 0.303947278125 0.35000237968750003 0.33707725781250003 0.333345159375 0.31237890156250003 0.28670655 0.2815068484375 0.2999836796875 0.28046789687499996 0.3091400453125 0.303947278125 0.35000237968750003
11 0.3378299 0.33221846406250005 0.3709598796875 0.315561246875 0.34817313125000005 0.26859466875 0.31538947031250003 0.2821997656250001 0.31353786875000006 0.2875052796875 0.3378299 0.33221846406250005
12 0.3500847421875 0.26826670312500006 0.37634839062500003 0.3176294703125 0.40907204375 0.29904682656250003 0.38246207812500005 0.25273618125 0.3500847421875 0.26826670312500006
1 0.40982468593750004 0.2979201296875 0.4429546656250001 0.2812629109375 0.41784998437500004 0.232698875 0.38547264687500005 0.248229396875 0.38321472031250003 0.2516094859375 0.40982468593750004 0.2979201296875
12 0.8590716218750001 0.12707337968750002 0.8673781484375 0.1805145390625 0.9071756203125001 0.17667936875 0.8988690953125 0.12323820937500002 0.8590716218750001 0.12707337968750002
1 0.9015333468750001 0.121783546875 0.909839871875 0.17522470625 0.9496373437500001 0.1713895359375 0.939825534375 0.1202017703125 0.9015333468750001 0.121783546875
3 0.6893518796875 0.7307909500000002 0.7181323 0.70290914375 0.6739115281250001 0.6576247703125001 0.64889431875 0.6798730968750001 0.6459437578125 0.6893574281250001 0.6893518796875 0.7307909500000002
3 0.36639115468750005 0.8899470218750001 0.31331870468750006 0.87311564375 0.30914916875 0.8768236984375 0.30123015625 0.9190826390625001 0.3173356796875 0.9203097609375 0.36547222031250004 0.9090584828125 0.36986805625 0.8923432109375 0.36639115468750005 0.8899470218750001
4 0.36980805000000005 0.8873656640625001 0.38045132187499997 0.8486296078125 0.330043121875 0.8303435656250001 0.32205036875000004 0.8347075531250001 0.31407134687500005 0.8719889484375001 0.36980805000000005 0.8873656640625001
8 0.8535478515625 0.495126309375 0.8905010484375 0.4778131593750001 0.8607604984375 0.42605420312500003 0.8279768359375 0.43965930000000003 0.8273442109375001 0.450741090625 0.8535478515625 0.495126309375
9 0.8637710671875001 0.42154742031250003 0.8908473656250001 0.4747610375 0.9278005625000001 0.45744788593749997 0.8980600140625001 0.40568893125000005 0.8637710671875001 0.42154742031250003
10 0.90147690625 0.40310757343750003 0.9304648140625 0.45599322500000006 0.9659127281250002 0.4409334656250001 0.9361721765625 0.3891745109375 0.90147690625 0.40310757343750003
52 0.649384546875 0.46630931249999996 0.68129555 0.443875815625 0.6485444328125001 0.39662364531250005 0.6188913546875 0.41567705156250007 0.6178524031250001 0.42483341718750006 0.649384546875 0.46630931249999996
0 0.30195176718750005 0.56581955625 0.2974959234375 0.5775572796875 0.33586185156250004 0.6138704578125002 0.3612253796875 0.5885700078125 0.360006403125 0.5827937296875 0.3216404750000001 0.546480553125 0.30195176718750005 0.56581955625
18 0.45378304375000006 0.13076741562500002 0.4550620265625 0.1415212390625 0.46874333125 0.1641132140625 0.5018733109375 0.147455996875 0.49010361562500004 0.12453605468750001 0.45378304375000006 0.13076741562500002
24 0.8277352906250001 0.832742765625 0.8724549406250001 0.8240728453125 0.8467776421875 0.791568146875 0.81411399375 0.8151283390625 0.8141740031250001 0.8201058859375 0.8277352906250001 0.832742765625
