39 0.327457 0.606422 0.144537 0.149245
44 0.088428 0.525572 0.144168 0.147901
45 0.158729 0.459511 0.143798 0.149261
47 0.301707 0.333578 0.143798 0.147885
52 0.230218 0.396193 0.143428 0.147885
0 0.397943 0.540365 0.144537 0.147845
8 0.690371 0.526197 0.145805 0.150668
1 0.490453 0.287536 0.143798 0.149277
2 0.562035 0.225601 0.143243 0.145135
3 0.632468 0.163674 0.141870 0.146510
4 0.705146 0.103130 0.142240 0.145119
26 0.185799 0.737193 0.145171 0.149261
13 0.256007 0.671812 0.145726 0.149261
21 0.547670 0.652833 0.145250 0.153419
34 0.619344 0.589515 0.145250 0.149293
