0 0.555664 0.260742 0.060547 0.056641
0 0.362305 0.477539 0.060547 0.064453
5 0.222656 0.533203 0.066406 0.066406
6 0.639648 0.455078 0.064453 0.058594
6 0.702148 0.510742 0.064453 0.060547
7 0.310547 0.590820 0.066406 0.060547
4 0.429688 0.459961 0.046875 0.056641
52 0.472656 0.501953 0.058594 0.062500
52 0.463867 0.377930 0.060547 0.060547
39 0.482422 0.278809 0.052734 0.038086
47 0.396973 0.216797 0.036133 0.046875
48 0.734375 0.608398 0.062500 0.068359
48 0.470215 0.594238 0.061523 0.047852
49 0.586426 0.643555 0.061523 0.048828
50 0.356445 0.324707 0.054688 0.040039
51 0.185059 0.465820 0.055664 0.064453
43 0.462891 0.681641 0.066406 0.058594
26 0.778320 0.414062 0.064453 0.058594
26 0.424805 0.293457 0.060547 0.049805
31 0.625977 0.576172 0.062500 0.054688
32 0.290039 0.706055 0.064453 0.072266
33 0.374023 0.775391 0.064453 0.074219
37 0.269531 0.452148 0.058594 0.064453
38 0.555176 0.504883 0.061523 0.064453
36 0.530273 0.388672 0.056641 0.042969
27 0.340820 0.399902 0.041016 0.051758
30 0.627930 0.363281 0.060547 0.058594
18 0.293945 0.347168 0.041016 0.051758
22 0.335449 0.261719 0.055664 0.042969
22 0.623047 0.740234 0.054688 0.070312
24 0.189453 0.394531 0.039062 0.052734
17 0.517090 0.734375 0.063477 0.050781
