26 0.430079 0.458600 0.041693 0.056875
31 0.470726 0.455978 0.041054 0.056248
32 0.511981 0.453043 0.042908 0.056248
35 0.652197 0.538192 0.042239 0.059359
36 0.693087 0.535884 0.044823 0.059359
38 0.374742 0.635536 0.040936 0.060714
27 0.416681 0.636721 0.042576 0.059020
28 0.460521 0.637825 0.041574 0.060877
29 0.543888 0.771075 0.058499 0.071176
13 0.332084 0.492595 0.051084 0.062495
13 0.290768 0.506068 0.050507 0.062495
19 0.131011 0.421126 0.064305 0.065092
20 0.165642 0.397424 0.063666 0.065681
21 0.200592 0.373389 0.062390 0.064427
22 0.734537 0.330316 0.045102 0.059622
23 0.775061 0.337297 0.045679 0.060839
24 0.815617 0.344271 0.045102 0.060839
25 0.177033 0.218368 0.057983 0.061918
14 0.212849 0.201484 0.056129 0.060061
15 0.251704 0.190156 0.055491 0.060689
16 0.289055 0.174827 0.057983 0.060689
16 0.026175 0.592028 0.052350 0.066948
17 0.054252 0.565528 0.067374 0.066911
45 0.359457 0.890954 0.046799 0.039677
51 0.673986 0.840713 0.043428 0.065844
40 0.718628 0.842745 0.043370 0.065844
41 0.762572 0.846960 0.043424 0.067701
42 0.459599 0.798008 0.057861 0.072405
5 0.568689 0.199506 0.040634 0.047229
5 0.863852 0.512106 0.045740 0.062733
6 0.905942 0.520021 0.044525 0.062106
7 0.945205 0.525148 0.036378 0.059616
9 0.326459 0.279401 0.040179 0.055282
10 0.367364 0.280806 0.040179 0.055282
11 0.407342 0.281583 0.042033 0.055282
12 0.447290 0.286005 0.038963 0.055144
1 0.487907 0.285936 0.040817 0.055909
12 0.952267 0.411754 0.041858 0.065698
3 0.501265 0.784234 0.056584 0.070548
3 0.087576 0.791279 0.074304 0.055884
4 0.121387 0.768436 0.070566 0.068228
8 0.777353 0.665446 0.042212 0.062733
9 0.820810 0.666236 0.042094 0.061504
10 0.864177 0.669196 0.039602 0.063360
52 0.608116 0.541742 0.046039 0.060588
0 0.250029 0.517672 0.052360 0.064979
18 0.608105 0.207723 0.039659 0.037319
24 0.578171 0.967134 0.049291 0.040304
