22 0.2064709734375 0.5331744515625 0.1986833890625 0.6434515234375001 0.2794821796875 0.6581782656249999 0.28605391406249997 0.6267821968750001 0.2925108328125 0.54171033125 0.20975891718750003 0.526745528125 0.2064709734375 0.5331744515625
23 0.29261319218750004 0.5397714703125 0.2846208890625 0.653926265625 0.3674751625 0.66695220625 0.37855069218750004 0.5502462109375 0.29261319218750004 0.5397714703125
14 0.17710765937500003 0.23299199531250003 0.16932007500000001 0.34326906562500004 0.2502212234375 0.3560569453125 0.2592412671875 0.24105175 0.17710765937500003 0.23299199531250003
15 0.261092034375 0.243228675 0.253202090625 0.35544460624999996 0.33410323906250006 0.36823248750000004 0.34312328281250004 0.2532272921875 0.261092034375 0.243228675
16 0.34181337968750003 0.3711235984375 0.41798525625 0.380408028125 0.426902940625 0.2673416953125 0.34600179218750005 0.254553815625 0.337186465625 0.3656812875 0.34181337968750003 0.3711235984375
17 0.42579775468750003 0.38136027812500006 0.5019696296875001 0.3906447078125 0.5091389093750002 0.2734625890625 0.43008852500000005 0.262851634375 0.421170840625 0.3759179671875001 0.42579775468750003 0.38136027812500006
25 0.7609828234375 0.734429415625 0.7518604203125001 0.851373471875 0.8347146937500001 0.8643994156250001 0.8418839718750001 0.7472172953125 0.7609828234375 0.734429415625
18 0.7052578218750001 0.2261432640625 0.696237778125 0.34114845937500005 0.7752881609375 0.3517594140625 0.7841034875 0.24063194218750003 0.7052578218750001 0.2261432640625
31 0.6203480640625001 0.21481812187500002 0.6124581203125001 0.32703405625000004 0.6933592703125 0.33982193593750004 0.7022769546875001 0.2267556015625 0.6203480640625001 0.21481812187500002
5 0.7871867125 0.23808074218750003 0.778269028125 0.3511470765625 0.8572170515625 0.36369689375 0.8641816125 0.2503924984375 0.7871867125 0.23808074218750003
6 0.6823211140625001 0.6233719125000001 0.6912388 0.510305578125 0.669033759375 0.5027207078125001 0.6073567828125 0.4981300375 0.5994668390625 0.6103459703125002 0.6823211140625001 0.6233719125000001
12 0.58666781875 0.8341655 0.6647928187500001 0.8436879921875001 0.6740175812500001 0.7248050734375 0.5900332062500001 0.7145683921875001 0.5820409046875 0.828723190625 0.58666781875 0.8341655
32 0.5233724078125 0.4878933562500001 0.517435590625 0.6003473515625001 0.5963836140625001 0.61289716875 0.6054036593750001 0.4978919734375 0.5233724078125 0.4878933562500001
52 0.7662031296875 0.635547453125 0.775120815625 0.52248111875 0.7314314000000001 0.5122775625 0.6912388 0.510305578125 0.6833488562500002 0.6225215125000001 0.7662031296875 0.635547453125
45 0.7761485578125001 0.5216307203125 0.7690816390624999 0.6368739781250001 0.8480296625 0.6494237953125 0.8570497078125 0.5344186 0.7761485578125001 0.5216307203125
38 0.6759707062500001 0.7250431359375 0.6677736859375001 0.8430756562499999 0.748674834375 0.8558635343750001 0.7578995968750001 0.7369806156250001 0.6759707062500001 0.7250431359375
