13 0.126953 0.552734 0.085938 0.070312
18 0.246094 0.348633 0.078125 0.052734
19 0.319336 0.490234 0.083984 0.070312
20 0.203125 0.405273 0.082031 0.068359
21 0.272461 0.427734 0.080078 0.070312
22 0.647461 0.307617 0.076172 0.060547
23 0.606445 0.485352 0.083984 0.076172
24 0.338867 0.358398 0.080078 0.064453
25 0.302734 0.309570 0.074219 0.060547
14 0.458008 0.399414 0.060547 0.064453
15 0.471191 0.216797 0.069336 0.050781
16 0.497070 0.254883 0.072266 0.052734
17 0.580078 0.234375 0.070312 0.054688
26 0.234375 0.541016 0.070312 0.074219
31 0.200195 0.474609 0.080078 0.062500
32 0.352539 0.620117 0.087891 0.068359
33 0.407227 0.477539 0.080078 0.064453
34 0.376465 0.415039 0.071289 0.052734
35 0.528809 0.653320 0.067383 0.087891
36 0.675781 0.565430 0.089844 0.083984
37 0.667969 0.439453 0.082031 0.070312
38 0.651367 0.384766 0.080078 0.058594
27 0.422852 0.337891 0.068359 0.046875
28 0.361816 0.266602 0.065430 0.044922
29 0.571289 0.289062 0.072266 0.054688
30 0.641602 0.247070 0.056641 0.056641
39 0.168945 0.621582 0.091797 0.069336
44 0.297852 0.582031 0.080078 0.082031
45 0.493164 0.465820 0.080078 0.068359
46 0.548828 0.540039 0.078125 0.080078
47 0.550781 0.407227 0.078125 0.068359
48 0.439453 0.663086 0.066406 0.083984
49 0.728516 0.539062 0.082031 0.082031
50 0.782227 0.627930 0.095703 0.087891
51 0.761230 0.467773 0.079102 0.048828
40 0.507812 0.333008 0.074219 0.064453
41 0.713867 0.338867 0.076172 0.064453
42 0.452637 0.285156 0.063477 0.039062
43 0.710938 0.268555 0.050781 0.056641
0 0.125000 0.452637 0.058594 0.063477
5 0.412598 0.529297 0.084961 0.070312
6 0.199219 0.711914 0.078125 0.095703
7 0.286133 0.694336 0.087891 0.095703
8 0.593750 0.345703 0.078125 0.058594
9 0.368164 0.726562 0.058594 0.089844
10 0.498047 0.764648 0.082031 0.099609
11 0.625977 0.723633 0.099609 0.095703
12 0.710938 0.671875 0.089844 0.093750
1 0.821289 0.525391 0.080078 0.082031
2 0.861328 0.443359 0.082031 0.046875
3 0.765625 0.404297 0.082031 0.070312
4 0.810547 0.359375 0.078125 0.066406
52 0.619141 0.608398 0.089844 0.083984
52 0.458008 0.577148 0.083984 0.064453
