26 0.449219 0.430664 0.054688 0.064453
31 0.486328 0.415039 0.054688 0.064453
32 0.524414 0.399414 0.056641 0.064453
35 0.684082 0.435547 0.057617 0.066406
36 0.723633 0.419922 0.056641 0.066406
38 0.455566 0.616211 0.053711 0.068359
27 0.496582 0.603516 0.053711 0.066406
28 0.536133 0.590820 0.056641 0.068359
29 0.657227 0.689453 0.068359 0.074219
13 0.368164 0.494141 0.060547 0.066406
13 0.332031 0.519531 0.058594 0.066406
19 0.154297 0.491211 0.066406 0.060547
20 0.179688 0.457031 0.066406 0.062500
21 0.205078 0.423828 0.066406 0.062500
22 0.695801 0.212891 0.049805 0.058594
23 0.734863 0.206543 0.047852 0.057617
24 0.775391 0.200195 0.050781 0.058594
25 0.131836 0.285156 0.064453 0.062500
14 0.160156 0.256836 0.062500 0.060547
15 0.193359 0.235352 0.062500 0.060547
16 0.223633 0.208008 0.064453 0.060547
25 0.033203 0.797852 0.066406 0.068359
14 0.055664 0.761719 0.068359 0.066406
15 0.080078 0.723633 0.066406 0.064453
16 0.104492 0.687500 0.068359 0.062500
17 0.128906 0.651367 0.070312 0.064453
45 0.523438 0.855469 0.054688 0.039062
51 0.803711 0.713867 0.060547 0.072266
40 0.846191 0.701172 0.057617 0.070312
41 0.889648 0.691406 0.060547 0.070312
42 0.586914 0.741211 0.068359 0.076172
5 0.496094 0.147461 0.046875 0.044922
5 0.875977 0.344727 0.056641 0.060547
6 0.917969 0.337891 0.054688 0.062500
7 0.960938 0.330078 0.054688 0.062500
8 0.987793 0.323730 0.024414 0.059570
9 0.293945 0.295898 0.048828 0.060547
10 0.332031 0.284180 0.050781 0.060547
11 0.369141 0.272461 0.050781 0.060547
12 0.409668 0.263672 0.051758 0.062500
1 0.446289 0.250000 0.052734 0.062500
12 0.933594 0.217773 0.042969 0.056641
1 0.975586 0.219727 0.041016 0.056641
3 0.622070 0.714844 0.068359 0.074219
3 0.236816 0.851562 0.073242 0.046875
4 0.257812 0.820312 0.070312 0.062500
8 0.844727 0.515625 0.056641 0.066406
9 0.886230 0.501953 0.055664 0.066406
10 0.927246 0.491211 0.055664 0.064453
52 0.644531 0.452148 0.058594 0.068359
0 0.297852 0.543945 0.060547 0.068359
18 0.536133 0.142578 0.044922 0.035156
24 0.754883 0.856445 0.056641 0.037109
