46 0.127172975 0.615962596875 0.21541833437500002 0.6443086859375001 0.25329286718750005 0.5315731625 0.174677203125 0.5028321718750001 0.165561203125 0.5087651234375 0.127172975 0.615962596875
47 0.26029964843750003 0.5326756015624999 0.2501932500000001 0.5428185078125 0.21679400781250002 0.6442522703125001 0.2228103875 0.6495646640625 0.30228802656250003 0.6727111890625 0.3374112171875 0.56008849375 0.26029964843750003 0.5326756015624999
48 0.3064150390625 0.6725419453125001 0.38739677343750006 0.6970165687500001 0.4182645265625 0.5831786046875002 0.344161146875 0.5584219078125 0.337539640625 0.56147300625 0.3064150390625 0.6725419453125001
43 0.136374 0.2834280453125 0.12975249375 0.28647914375 0.0913272671875 0.3783905625 0.1046072765625 0.3875744203125 0.17432679375 0.409731334375 0.2107342265625 0.3109537671875 0.136374 0.2834280453125
4 0.17720655937500004 0.41100301875 0.2556938015625 0.438359496875 0.2893498921875 0.33969475625000006 0.2164937609375 0.31349713437500004 0.21111950000000002 0.31510730468750003 0.17720655937500004 0.41100301875
30 0.29635667187500003 0.34079719687500004 0.2909824125 0.34240736718750003 0.2820318359375 0.3650108875 0.2598208140625 0.438190253125 0.338308053125 0.4655467296875 0.36796555781250007 0.368435746875 0.29635667187500003 0.34079719687500004
35 0.5694054796875 0.6047760843750001 0.643380434375 0.6281482671875 0.6577771328125 0.5302733328125 0.5961832171875 0.50639341875 0.5855631234375 0.5109982734375 0.5694054796875 0.6047760843750001
22 0.6647839125 0.531375771875 0.65816240625 0.5344268703125 0.6435088593750001 0.6295327796875001 0.7119811296875 0.6531306203125 0.71572286875 0.648807840625 0.726377828125 0.5552556859375 0.6647839125 0.531375771875
52 0.7161081406250001 0.6529613765625 0.7818290703125 0.6766720484375001 0.7934744265625 0.5789099437500002 0.7318805109375 0.555030028125 0.7265062515625001 0.5566401984375 0.7161081406250001 0.6529613765625
25 0.514345909375 0.8002133171875001 0.5950707953125 0.821918915625 0.6119249890625 0.7058760718750001 0.542077046875 0.6823346453125 0.5329610484375 0.6882675984375001 0.514345909375 0.8002133171875001
14 0.596446465625 0.8218625015625 0.6716686671875002 0.8437937562500001 0.6872756140625 0.729191840625 0.61893176875 0.7069785125000001 0.6113198640624999 0.7142395625 0.596446465625 0.8218625015625
15 0.674291584375 0.842296415625 0.7480096890625001 0.862899571875 0.7583708015625 0.7512923390625 0.6900269562500001 0.7290790109375002 0.6861567921875 0.7320172796875 0.674291584375 0.842296415625
16 0.7651207328125 0.7496257546875 0.7582423781250001 0.7499078265625001 0.7493853609375001 0.8628431578125 0.8188480296875 0.8822310468750001 0.8223329203124999 0.875139240625 0.82620095 0.7679676187500001 0.7651207328125 0.7496257546875
12 0.5299268921875 0.31315164062500006 0.523819084375 0.32174078906250003 0.5078812921875001 0.4030015734375 0.5609643328125 0.4244509484375001 0.5763535625 0.4265994140625 0.5945289984375001 0.3396877515625 0.5299268921875 0.31315164062500006
1 0.6000316828125002 0.3394620921875 0.5934101765625001 0.342513190625 0.5764819875000001 0.42798392656250006 0.642202915625 0.451694596875 0.6479254515625 0.438951909375 0.6588742562500001 0.3634548375 0.6000316828125002 0.3394620921875
2 0.64508268125 0.45296628125 0.709299515625 0.4753488531250001 0.7219722671875 0.38866285 0.6673851312500001 0.36588537343750005 0.6580122828125 0.369049303125 0.64508268125 0.45296628125
3 0.7274749500000001 0.38843719062500004 0.722100690625 0.39004736250000005 0.7121792812500001 0.47662053593750003 0.77489201875 0.4976750125 0.7793673078125001 0.48637325156250005 0.7833093343749999 0.40977373750000007 0.7274749500000001 0.38843719062500004
