35 0.815109640625 0.5567128921875 0.868887621875 0.459028503125 0.7959770203125001 0.4121174953125 0.7475794859375 0.493590478125 0.7410472515625 0.510443684375 0.815109640625 0.5567128921875
36 0.8788650328125001 0.465030546875 0.8711891593750001 0.46270103593750006 0.8642763921875001 0.471507959375 0.8154922109375001 0.559803046875 0.886099234375 0.607997653125 0.90030734375 0.5934739593750001 0.9440997625 0.5096120421875 0.8788650328125001 0.465030546875
38 0.20800965625 0.22277341093750003 0.1527075046875 0.2932288 0.1999023015625 0.33630084531250004 0.2198571265625 0.34830493281249997 0.28975199375 0.261459871875 0.226440309375 0.20754849687500002 0.20800965625 0.22277341093750003
27 0.2263852859375 0.34136398437500004 0.22254327343750002 0.3501114859375 0.226379171875 0.356232371875 0.28969289531250003 0.40518761875 0.3595877625 0.318342559375 0.29051917343750006 0.26268405 0.2263852859375 0.34136398437500004
28 0.43134249999999996 0.37580762656250005 0.3626585203125 0.31828313906250005 0.30774301406250004 0.381916421875 0.29122929218750004 0.40267984375000004 0.29468058125 0.4106667046875 0.35377175781250003 0.46032317187500005 0.36144763125 0.462652684375 0.43134249999999996 0.37580762656250005
29 0.3095397078125 0.6798665531250001 0.2918578921875001 0.7409208062500001 0.37552123750000005 0.77523351875 0.40857313906250003 0.674233125 0.40896386093750003 0.6574987609375 0.329521025 0.6274409578125 0.3095397078125 0.6798665531250001
8 0.8867950875 0.7826863515625 0.8722125609375001 0.774295375 0.8061597046875001 0.85239293125 0.8015484750000001 0.8648723875000001 0.8073033421875 0.87157565 0.8736857828125001 0.9254276062500001 0.94434986875 0.8348505937500001 0.8867950875 0.7826863515625
9 0.9478052328125002 0.8329251968750001 0.882902128125 0.915337084375 0.8794426875 0.9271747390625 0.9400682234375 0.9792795609375 0.9496630640625 0.9821914500000001 0.9623368125000001 0.965219403125 0.9838749062500001 0.860724740625 0.9478052328125002 0.8329251968750001
3 0.2880199578125 0.7397560515625 0.3268348765625 0.6256344031250001 0.24509050000000002 0.5919040703125001 0.2108908875 0.6836340046875 0.2070427609375 0.7072498953124999 0.2880199578125 0.7397560515625
42 0.2035894328125 0.7042191625000002 0.24201974375000002 0.591963490625 0.16027536875 0.5582331593750001 0.130302375 0.639349615625 0.12414659531250001 0.6741613609375001 0.2035894328125 0.7042191625000002
52 0.7226838484375 0.36211633593750003 0.7142367203125 0.36847490625 0.667375584375 0.44744011250000004 0.6623797453125001 0.46178554218750006 0.6666002515625 0.46604045312500003 0.7375939234375001 0.507412953125 0.7932908734375 0.41031094218749997 0.7226838484375 0.36211633593750003
