18 0.540039 0.264648 0.103516 0.103516
22 0.298828 0.743164 0.125000 0.150391
23 0.376953 0.701172 0.125000 0.148438
25 0.847656 0.600586 0.128906 0.130859
14 0.141602 0.510742 0.111328 0.126953
15 0.217773 0.477539 0.111328 0.123047
16 0.289062 0.445312 0.113281 0.121094
17 0.357422 0.410156 0.113281 0.117188
31 0.475586 0.291992 0.107422 0.107422
5 0.599609 0.238281 0.105469 0.101562
6 0.604004 0.493164 0.116211 0.123047
32 0.536133 0.528320 0.119141 0.126953
52 0.671387 0.461914 0.118164 0.119141
45 0.736328 0.429688 0.117188 0.117188
12 0.710449 0.678711 0.129883 0.142578
38 0.781250 0.639648 0.128906 0.138672
