5 0.499023 0.172363 0.070312 0.094727
6 0.569336 0.172852 0.072266 0.093750
7 0.639160 0.171387 0.073242 0.092773
8 0.708984 0.170410 0.078125 0.090820
8 0.389160 0.448730 0.079102 0.106445
9 0.459961 0.436035 0.080078 0.104492
10 0.531738 0.426270 0.081055 0.104492
39 0.750488 0.360352 0.096680 0.111328
44 0.820312 0.343750 0.097656 0.113281
45 0.888672 0.321289 0.097656 0.111328
51 0.252441 0.767578 0.081055 0.111328
40 0.324707 0.755859 0.083008 0.117188
41 0.400879 0.750000 0.084961 0.117188
52 0.086914 0.296875 0.087891 0.109375
35 0.154297 0.278320 0.085938 0.107422
36 0.223633 0.261719 0.087891 0.109375
29 0.038086 0.691406 0.076172 0.125000
33 0.791992 0.620117 0.076172 0.107422
34 0.867188 0.625977 0.074219 0.107422
