39 0.424805 0.582520 0.138672 0.149414
44 0.209961 0.441895 0.130859 0.137695
45 0.289062 0.402344 0.128906 0.132812
47 0.440430 0.332520 0.123047 0.122070
26 0.255859 0.678711 0.144531 0.166016
34 0.718750 0.648438 0.144531 0.156250
0 0.502930 0.539062 0.138672 0.144531
8 0.791992 0.604980 0.142578 0.147461
1 0.614258 0.341309 0.126953 0.124023
2 0.680664 0.308594 0.123047 0.117188
3 0.746094 0.277832 0.121094 0.110352
4 0.808594 0.249512 0.121094 0.108398
13 0.342773 0.629883 0.142578 0.158203
21 0.641602 0.694824 0.146484 0.163086
52 0.366211 0.367188 0.126953 0.128906
