0 0.593361 0.303583 0.060791 0.054044
0 0.394625 0.489148 0.061292 0.064143
5 0.253430 0.523055 0.067116 0.066078
6 0.672963 0.508333 0.064659 0.055684
6 0.734254 0.573501 0.064750 0.058209
7 0.340065 0.593402 0.066388 0.054375
4 0.462537 0.481762 0.047960 0.060532
52 0.504626 0.529847 0.059427 0.063388
52 0.498691 0.405662 0.061110 0.059388
39 0.519578 0.310494 0.053557 0.044954
47 0.434945 0.236015 0.036266 0.051743
48 0.764283 0.674811 0.061928 0.066833
48 0.500097 0.621045 0.062202 0.054922
49 0.615308 0.685998 0.060836 0.043450
50 0.392307 0.336792 0.055468 0.046888
51 0.217371 0.450554 0.054966 0.061489
43 0.490585 0.706521 0.066115 0.051555
26 0.812838 0.488936 0.064750 0.056864
26 0.461540 0.316010 0.060973 0.054793
31 0.656466 0.626405 0.063158 0.059842
32 0.316880 0.704606 0.065433 0.073062
33 0.399419 0.786234 0.065433 0.074471
37 0.302233 0.449840 0.058060 0.062373
38 0.587236 0.545136 0.061109 0.064143
36 0.564828 0.425546 0.056423 0.037056
27 0.374924 0.408775 0.042182 0.056728
30 0.663387 0.416218 0.061065 0.056864
18 0.329218 0.350278 0.042227 0.054498
22 0.372651 0.271520 0.056196 0.047579
22 0.649706 0.788599 0.055832 0.073486
24 0.223401 0.380820 0.040362 0.055613
17 0.543708 0.766316 0.062793 0.043450
