39 0.5809699 0.6093352453125 0.6239601921875 0.5251307171875 0.6217858 0.5187560328124999 0.5632484328125001 0.49606122656249996 0.5206930187500002 0.5815406906250001 0.5219976546875 0.5853655015625 0.5809699 0.6093352453125
44 0.3644708 0.18048265937500002 0.35965611875000003 0.18388738281250003 0.3201603640625001 0.2695768921875001 0.321465 0.2734017015625 0.373448171875 0.2944014828125 0.38306202500000003 0.2963065515625 0.423435290625 0.208809659375 0.42213065625 0.2049848484375 0.3644708 0.18048265937500002
45 0.4850323171875 0.23171451093750003 0.427372459375 0.207212321875 0.38306202500000003 0.2963065515625 0.44421641562499997 0.32229372343749996 0.4863369515625 0.23553932187500004 0.4850323171875 0.23171451093750003
46 0.5027460296874999 0.3493457875 0.5071180765625 0.34902338593750004 0.54836885625 0.25971910781249996 0.49027412031250006 0.2339419828125 0.44596368437500006 0.32303621406250005 0.45425739375000007 0.32983098750000006 0.5027460296874999 0.3493457875
47 0.6099658796875 0.282623959375 0.5514285140624999 0.259929153125 0.5071180765625 0.34902338593750004 0.5682724703125 0.37501055625 0.611270515625 0.2864487703125 0.6099658796875 0.282623959375
26 0.5102016546875 0.5814430046875 0.5198155078125 0.583348075 0.5619360437500002 0.49659367343750005 0.503841309375 0.470816546875 0.49990413906250003 0.472413884375 0.458661115625 0.557360903125 0.5102016546875 0.5814430046875
31 0.607489084375 0.4461823109375 0.6218943546875 0.45775443125 0.6686357218750001 0.4765267390625 0.71425079375 0.3912573187500001 0.7111988875 0.3866900171875 0.65791108125 0.361865425 0.6504716203125 0.36633504062500005 0.607489084375 0.4461823109375
32 0.6695132312500001 0.47471935625 0.6839185046875 0.48629147500000003 0.7289126015625 0.50432129375 0.7736501625000001 0.42085925625 0.7574976234374999 0.40854464687500003 0.7173104515625 0.3914673625 0.71337328125 0.3930647015625 0.6695132312500001 0.47471935625
33 0.7569852046875001 0.45084228281250005 0.7306598703125 0.505063784375 0.787442215625 0.53137335625 0.8330572875 0.4461039359375001 0.83175265 0.44227912500000005 0.77846484375 0.417454534375 0.7745276750000001 0.4190518734375 0.7569852046875001 0.45084228281250005
34 0.847719096875 0.5591679109375 0.8924566562500001 0.4757058734375 0.8911520218750001 0.4718810625 0.8361169453124999 0.4463139796875 0.8313022640625001 0.44971870312500006 0.7891894828125001 0.5321158484375 0.847719096875 0.5591679109375
13 0.44268691562500007 0.44482937656250005 0.39838423437500003 0.52956635 0.39968887031250006 0.5333911609374999 0.458661115625 0.557360903125 0.5007816515625 0.4706065015625 0.44268691562500007 0.44482937656250005
15 0.8190953046875 0.6767308437499999 0.76318271875 0.6529711468750001 0.71974979375 0.7402579953124999 0.7774096484374999 0.7647601828125 0.8203999421875001 0.6805556546875 0.8190953046875 0.6767308437499999
16 0.8333144828125001 0.7928771390625 0.8376865296875 0.7925547374999999 0.878929553125 0.7076077187500002 0.87762491875 0.7037829078125001 0.8217123312500001 0.6800232093750002 0.7782794062500001 0.7673100578125001 0.8333144828125001 0.7928771390625
52 0.6577256437500001 0.7117209500000001 0.6590302796875002 0.7155457609375001 0.7180025250000001 0.7395155031250001 0.7609928171875 0.655310975 0.75968818125 0.6514861640625 0.7029058375 0.6251765921875001 0.6989686671875 0.6267739296875 0.6577256437500001 0.7117209500000001
5 0.16878515625 0.3382478046875001 0.1666107640625 0.33187311875000003 0.1080733984375 0.30917831093750003 0.10413622812500001 0.31077565156250003 0.06815051718750001 0.3892356265625 0.0655102296875 0.399015034375 0.0698745234375 0.40304988906250006 0.1236049625 0.42479216093750005 0.1275421328125 0.42319482187500007 0.16878515625 0.3382478046875001
6 0.16966266875000002 0.3364404203125 0.1292894015625 0.42393731250000005 0.13714823125 0.42945714843750005 0.18738413593750003 0.4497144390625001 0.1913213046875 0.4481170984375 0.23300696093750004 0.3600877609375 0.17359983750000005 0.3348430796875 0.16966266875000002 0.3364404203125
7 0.2373790078125 0.3597653578125 0.2334418390625 0.3613626984375 0.19219881562500005 0.4463097171875 0.19437320937500002 0.4526844015625 0.20616920781250003 0.4566068984375 0.25291057499999997 0.4753792078125 0.2568477453125 0.47378186875 0.2985334015625 0.3857525296875 0.2373790078125 0.3597653578125
1 0.24686945625 0.67666789375 0.29249228125000004 0.587041215625 0.2300255 0.561586490625 0.18571506406250002 0.6506807234375 0.24686945625 0.67666789375
2 0.3523420375000001 0.609203575 0.293804671875 0.58650876875 0.2494942359375 0.675603 0.250798871875 0.6794278109375 0.281814821875 0.6915177046875001 0.3093362375 0.70212261875 0.3132734078125 0.7005252781250001 0.35539394375 0.613770878125 0.3523420375000001 0.609203575
3 0.35933111250000005 0.6121735375 0.35539394375 0.613770878125 0.31152613906250004 0.6997827875000001 0.3119532640625 0.7054149828125 0.33947467968750006 0.7160198953125 0.3735502890625 0.7283198328125 0.41654833437500005 0.6397580484375001 0.41524369843750003 0.6359332375 0.35933111250000005 0.6121735375
