0 0.175986 0.423179 0.057480 0.068406
5 0.479893 0.518936 0.084988 0.071479
6 0.274142 0.704070 0.081902 0.098141
7 0.360101 0.688258 0.091827 0.096678
8 0.657761 0.325596 0.078556 0.063571
9 0.443892 0.720199 0.063224 0.086713
10 0.572151 0.760054 0.078177 0.099610
11 0.693108 0.721834 0.091134 0.091993
12 0.773718 0.671085 0.081148 0.090672
1 0.879412 0.525712 0.074337 0.081445
2 0.917624 0.441192 0.076689 0.045410
3 0.827460 0.396729 0.080349 0.073682
4 0.871195 0.351105 0.074550 0.070605
39 0.235915 0.608560 0.091554 0.073246
44 0.368004 0.571000 0.076610 0.086866
45 0.557640 0.453027 0.083315 0.073830
46 0.615351 0.531912 0.075063 0.082761
47 0.615933 0.390118 0.079942 0.075732
48 0.512014 0.658463 0.064499 0.087454
49 0.789311 0.537275 0.078482 0.081736
50 0.839249 0.629051 0.088121 0.086280
51 0.822937 0.463671 0.075996 0.048480
40 0.571123 0.305521 0.076883 0.070311
41 0.778848 0.323850 0.074563 0.068846
42 0.511372 0.249116 0.064337 0.042187
43 0.774823 0.243797 0.054166 0.066359
13 0.185420 0.534436 0.088814 0.073823
18 0.296164 0.309597 0.078916 0.059183
19 0.385120 0.471833 0.085575 0.078664
20 0.254539 0.373165 0.086855 0.076754
21 0.329782 0.401883 0.083149 0.078807
22 0.711754 0.284367 0.075890 0.067531
23 0.671671 0.478159 0.084582 0.079542
24 0.395907 0.326744 0.082909 0.071481
25 0.355377 0.268806 0.081569 0.069581
14 0.521523 0.379123 0.060432 0.072219
15 0.528217 0.170460 0.073510 0.053316
16 0.557246 0.216898 0.076763 0.061525
17 0.641465 0.199254 0.075196 0.062550
26 0.298365 0.524705 0.069018 0.079250
31 0.256651 0.451387 0.084868 0.064153
32 0.424313 0.612899 0.085589 0.068120
33 0.472352 0.462174 0.083768 0.064887
34 0.436927 0.392299 0.077096 0.054047
35 0.598259 0.649096 0.066292 0.088039
36 0.739150 0.563052 0.086495 0.085547
37 0.733783 0.430704 0.078782 0.076611
38 0.714386 0.371011 0.080755 0.060933
27 0.483492 0.307490 0.071837 0.053764
28 0.414039 0.220912 0.071763 0.047015
29 0.634772 0.260776 0.074970 0.061086
30 0.704566 0.216106 0.060192 0.064600
52 0.528196 0.569550 0.084461 0.064593
52 0.685474 0.606039 0.090154 0.084811
