5 0.1835116984375 0.5460713875 0.22563287812500002 0.5036768453125 0.17271174687500002 0.449596228125 0.1455345640625 0.472475190625 0.127641365625 0.49103683125 0.1835116984375 0.5460713875
6 0.476431046875 0.34648316406250007 0.4306154078125 0.41510473437500006 0.47474997500000005 0.444989215625 0.5205656125 0.3763676453125 0.476431046875 0.34648316406250007
9 0.3271621265625 0.3889236453125 0.3702823203125 0.36726383437500004 0.3733687140625 0.3608127578125 0.34478620625 0.29163674375 0.2998111031250001 0.3110052890625 0.2910399015625 0.31761871250000007 0.29227906875000004 0.32428115 0.31987024375000006 0.38812721406250006 0.3271621265625 0.3889236453125
2 0.22711219687500003 0.49626699062500007 0.3063162125 0.46888820781250007 0.29232515000000003 0.41670983437500003 0.22349941250000002 0.43843396875 0.2147282109375 0.44504739531250004 0.22711219687500003 0.49626699062500007
3 0.352344090625 0.5780878578125 0.40807306250000003 0.5627657890625 0.3923394859375 0.485855221875 0.3447659734375001 0.4989350375 0.33599477187500004 0.5055484640625 0.352344090625 0.5780878578125
45 0.43695923281250004 0.24948726093750004 0.432265759375 0.2549795609375 0.4306970828125001 0.3310446859375 0.4861859015625 0.3297949078125 0.490135875 0.320305146875 0.48948172968750003 0.247652415625 0.43695923281250004 0.24948726093750004
40 0.7661697703125001 0.46010914218750004 0.7843355984375 0.4579159 0.8202916656250001 0.44382829531250007 0.8197883187500001 0.4257585390625 0.7991211140625002 0.3684125640625 0.7929406421875002 0.36590993750000006 0.74771770625 0.3839459953125 0.741664990625 0.389812003125 0.743399825 0.39913941562500005 0.7661697703125001 0.46010914218750004
42 0.5561893625 0.191494965625 0.51134201875 0.21923214375 0.544497921875 0.2899520046875001 0.596141484375 0.26034628125000003 0.5683024750000002 0.19516773125 0.5629855796875 0.18962642031250002 0.5561893625 0.191494965625
52 0.5430954046875 0.4514096671875001 0.5361791125 0.460314359375 0.5575821359375001 0.5062530140625 0.6260322812500001 0.47482775937500005 0.633196409375 0.4672555546875001 0.6099384765625001 0.41902563125000003 0.5430954046875 0.4514096671875001
32 0.658955715625 0.57502469375 0.6512959218750001 0.579931921875 0.6509280109375001 0.5856355828125 0.6914958765625001 0.6501157265625 0.7388138750000001 0.62029864375 0.701828075 0.5520323953124999 0.658955715625 0.57502469375
