22 0.329829 0.726571 0.124269 0.139442
23 0.406025 0.690268 0.126367 0.141222
14 0.153281 0.475366 0.122835 0.137832
15 0.228399 0.442539 0.123733 0.137832
16 0.304176 0.410929 0.123313 0.136710
17 0.378397 0.374944 0.124211 0.139465
25 0.892379 0.623641 0.126845 0.139612
18 0.586141 0.200454 0.121577 0.135248
31 0.511233 0.231099 0.123733 0.136053
5 0.659972 0.167053 0.121577 0.134443
6 0.644880 0.489734 0.125469 0.136857
12 0.741094 0.692697 0.127264 0.142854
32 0.569342 0.523451 0.123733 0.137028
52 0.720447 0.456906 0.125469 0.136857
45 0.795804 0.424968 0.124211 0.137028
38 0.817081 0.659138 0.126425 0.141392
