13 0.1651317140625 0.8210820796875 0.19539036875000002 0.7633328109375 0.13741958125 0.7353691062500002 0.10748255000000001 0.7862130359375 0.11123980781250001 0.794330621875 0.1651317140625 0.8210820796875
18 0.20162220781250004 0.7479159656250002 0.22899007656250003 0.6930413828125 0.1723360328125 0.6664024718750001 0.1452897859375 0.7143717171875 0.1462849078125 0.7226018515625001 0.20162220781250004 0.7479159656250002
19 0.181265684375 0.6522541468750002 0.18646833437500002 0.6589343890625 0.2310787125 0.6777933609375 0.24074618750000001 0.6773994421875001 0.2652232734375 0.6253995406249999 0.20831193281250002 0.6042849015625 0.181265684375 0.6522541468750002
20 0.21592483906250004 0.5888117843750001 0.2224442328125 0.59681681875 0.2740886 0.6126322843750001 0.29667002187499997 0.5717372000000002 0.2985656828125 0.5606323828125 0.24008030312500003 0.543717221875 0.21592483906250004 0.5888117843750001
21 0.31321257812500003 0.5421157578125 0.337561015625 0.4928779921875 0.2761848484375 0.478837515625 0.2549201703125 0.52105739375 0.257360684375 0.527850184375 0.31321257812500003 0.5421157578125
22 0.28379775625 0.46336439843750005 0.28492152656249997 0.4688323953125 0.3406447734375 0.4858601046875 0.3661813046875 0.44070926875 0.3609143296875001 0.4354100953125 0.309141315625 0.422356765625 0.28379775625 0.46336439843750005
23 0.3138634375 0.40975833281250007 0.31774934375 0.41511378125000004 0.37241314375 0.4252924250000001 0.3919751328125 0.3900341609375 0.39387079375000006 0.3789293453125 0.336444859375 0.36886325000000003 0.3138634375 0.40975833281250007
24 0.40141937812500006 0.36483729375 0.4214316375 0.31991155625000006 0.3624316609375 0.31404493906250003 0.34274102343750007 0.35206533906250004 0.3451815375 0.3588581296875 0.40141937812500006 0.36483729375
25 0.42872292187500005 0.311343778125 0.45005192656250004 0.2677428328125 0.39381408593750006 0.26176366718750005 0.3713613109375 0.2998966140625 0.3793260984375 0.3064643078125 0.42872292187500005 0.311343778125
14 0.45865995468750004 0.2604998484375 0.478543565625 0.21833624375000002 0.42086033437500003 0.213794421875 0.3998529515625 0.25049002656249997 0.40373885937500004 0.25584547500000004 0.45865995468750004 0.2604998484375
15 0.42532515937500004 0.206720259375 0.42789432187500004 0.210750915625 0.44710062500000003 0.2127252125 0.4857062015625 0.21253060156250003 0.5026990296875001 0.17324168281250005 0.44357040625000005 0.17013720312500002 0.42532515937500004 0.206720259375
16 0.4494806234375 0.16162569843750002 0.45468327343750004 0.1683059421875 0.5056541390625 0.16898593125 0.5204940062500001 0.14632610312500002 0.5254091015625 0.1295844640625 0.467597221875 0.127804778125 0.4494806234375 0.16162569843750002
17 0.5312549953125 0.122454028125 0.5510099578125 0.0830525609375 0.49451482031250005 0.08259766874999999 0.475081478125 0.11509379375 0.47883873593750004 0.12321137968750001 0.5312549953125 0.122454028125
26 0.2334434796875 0.8637873375 0.2652761734375 0.8018385906250001 0.20203841093750002 0.7685757125000001 0.17184408281250005 0.8249439140625001 0.171651109375 0.8290871171875001 0.2334434796875 0.8637873375
31 0.2743987953125 0.7835470625000002 0.2992618265625 0.723260753125 0.23550947187500004 0.7010464187500001 0.20965131874999998 0.7531025921875001 0.2134085765625 0.761220178125 0.2743987953125 0.7835470625000002
32 0.3095725453125 0.7090561546875 0.33562367187500003 0.6528567750000001 0.2733167078125 0.6292050984374999 0.2448250671875 0.6786116859375 0.24726558281250002 0.6854044765625 0.3095725453125 0.7090561546875
33 0.34737978125 0.637214834375 0.37330225781250004 0.5837775921875 0.309549903125 0.56156325625 0.2825036546875 0.6095325031250001 0.28494416875 0.6163252937500001 0.34737978125 0.637214834375
34 0.40519927656250004 0.520447778125 0.399932303125 0.5151486015625001 0.342763665625 0.4995582359375 0.3157174171875 0.5475274812500001 0.3808508421875 0.569685540625 0.40519927656250004 0.520447778125
35 0.35301005937499996 0.4867347046875001 0.3568959656250001 0.49209015312500004 0.41406460312500004 0.5076805203125 0.42890447187499997 0.48502069218750005 0.43985843125 0.45700541250000004 0.37716552187499996 0.44164014375000005 0.35301005937499996 0.4867347046875001
36 0.38227359062500005 0.4207553015625 0.3847141062500001 0.42754809218750006 0.44477352812500004 0.440263775 0.467676571875 0.3924633515625 0.4637263421875 0.38848897187500003 0.4048550140625 0.37986021875 0.38227359062500005 0.4207553015625
37 0.474037059375 0.374284371875 0.49417796718749996 0.32659649843750005 0.43254450468750005 0.31808029375 0.40983443281250004 0.3617375140625 0.423323490625 0.36808011093750004 0.474037059375 0.374284371875
38 0.437137978125 0.30824399687500004 0.45470591562499996 0.3157988390625 0.501340603125 0.32079085625000003 0.5213528640625 0.2758651171875 0.5174026328125 0.2718907359375 0.4597194015625 0.2673489125000001 0.437137978125 0.30824399687500004
27 0.534974378125 0.22017220625 0.48532025625 0.22081700937500004 0.46562961875 0.25883740781250003 0.4735944046875 0.2654051015625 0.5271987578125 0.2687346796875 0.532980325 0.2629853109375 0.5472110171875001 0.2238089421875 0.534974378125 0.22017220625
28 0.55148286875 0.2208779828125 0.5700497375 0.1773895859375 0.5081589765625 0.17439765468750001 0.4885969859375 0.2096559171875 0.49511638125 0.217660953125 0.55148286875 0.2208779828125
29 0.51406919375 0.1658861515625 0.5179551015625 0.1712415984375 0.57576698125 0.1730212859375 0.5923095390625 0.14339984374999998 0.59433385 0.129532890625 0.5350765765625 0.12919054531250002 0.51406919375 0.1658861515625
30 0.5971603078125 0.128039275 0.6169152718750001 0.08863780625 0.5535791203125 0.0870832171875 0.536907915625 0.1194667953125 0.5393484281250001 0.1262595859375 0.5971603078125 0.128039275
39 0.2525211328125 0.8685237703125002 0.2535162546875 0.8767539046874999 0.31129406875000004 0.9088608125000001 0.3235950328125 0.9111164781250001 0.3529228890625 0.843756009375 0.2828441109375 0.8093934328125001 0.2525211328125 0.8685237703125002
44 0.3607287671875001 0.8241396859375 0.38848258281250003 0.7609786937500002 0.3168297640625 0.7308155968750001 0.28939757187500004 0.7870712484375 0.293154828125 0.795188834375 0.3607287671875001 0.8241396859375
45 0.39628846250000005 0.741362371875 0.422596884375 0.679638721875 0.35068677031250006 0.6549998953125 0.32469996875 0.70981820625 0.3271404828125 0.7166109968750001 0.39628846250000005 0.741362371875
46 0.3598737171875 0.6353273 0.37323412656250005 0.6444320328125 0.430274115625 0.6627845343750001 0.456325240625 0.60658515625 0.4510582671875001 0.6012859812500001 0.38573187031250006 0.5832711234375 0.3598737171875 0.6353273
47 0.39215668281250005 0.563711075 0.394597196875 0.5705038671875 0.45979494374999996 0.5912808609375001 0.485717421875 0.5378436171875001 0.47913370312500003 0.5312196484375001 0.41644079375000004 0.5158543796875 0.39215668281250005 0.563711075
48 0.4254990921875 0.49894391875000005 0.426494215625 0.5071740515625 0.49615678906250005 0.5208768828125 0.5178717375 0.4689895296875 0.51392150625 0.46501515 0.44544702812500003 0.4553992484375 0.4254990921875 0.49894391875000005
49 0.45463397499999997 0.4357266515625 0.457074490625 0.44251944218750006 0.5239749265625 0.456334821875 0.545561228125 0.4072096046875 0.540294253125 0.40191043125 0.477344046875 0.39206943281250006 0.45463397499999997 0.4357266515625
50 0.5529811625 0.3958796921875 0.5732507203125 0.34542967968750005 0.5033308484375 0.3372511234375 0.48338291250000004 0.38079579218750004 0.4885855640625001 0.3874760359375 0.5529811625 0.3958796921875
51 0.5805420046875 0.33686190312500003 0.6021283046875001 0.2877366859375 0.5349705703125001 0.279445578125 0.5122604984375 0.32310279843750006 0.5161464062500001 0.328458246875 0.5805420046875 0.33686190312500003
40 0.536673259375 0.272483965625 0.5405591656250001 0.2778394140625 0.60652880625 0.2820435921875 0.625224321875 0.235793059375 0.6157498203125 0.232043775 0.556492546875 0.23170142968750002 0.536673259375 0.272483965625
41 0.6297534703125001 0.227337828125 0.6470035953125 0.1825246390625 0.5781431718750002 0.18119514531250003 0.56134331875 0.2163408609375 0.5623384390624999 0.22457099375 0.6297534703125001 0.227337828125
42 0.58549878125 0.17124629843750003 0.5893846890625002 0.17660174687500005 0.6527208390625 0.17815633906250003 0.6709660859375 0.14157328125 0.67141635625 0.13190580625 0.6051894187500001 0.1332259015625 0.58549878125 0.17124629843750003
43 0.6756882093750001 0.1289748484375 0.6955718203125001 0.08681124531250001 0.62947353125 0.08536920312500001 0.6099115421875001 0.120627465625 0.6136688000000001 0.1287450515625 0.6756882093750001 0.1289748484375
0 0.33689111718750003 0.9216022796875001 0.3380148890625 0.927070278125 0.41454873437500006 0.9708189578124999 0.4249237765625 0.955233290625 0.44689602343750007 0.8978216671875 0.36891678437500003 0.8555103296875001 0.33689111718750003 0.9216022796875001
5 0.45627594374999997 0.8740058671875 0.4857324484375 0.8038832609375 0.404605128125 0.7699708796875 0.3769156375 0.831750803125 0.4063342671875 0.851228790625 0.45627594374999997 0.8740058671875
6 0.49196428750000004 0.7884664156250001 0.518401359375 0.72398063125 0.43714538906250006 0.6928303843750001 0.410901290625 0.7531729671875 0.46071431875 0.7787121796875001 0.49196428750000004 0.7884664156250001
7 0.523316453125 0.7072389921875 0.5483081328125 0.644190546875 0.4695570015625 0.6184520250000001 0.44344155156250004 0.6760324718749999 0.44732745937500007 0.6813879218750002 0.523316453125 0.7072389921875
8 0.47874395 0.5987794296875001 0.4839466 0.605459671875 0.5573021078125001 0.6286611546875002 0.5807197453125 0.5698121890625 0.5754527703125002 0.5645130140625 0.503285359375 0.5453984609375001 0.47874395 0.5987794296875001
9 0.5110269140625 0.52716320625 0.513467428125 0.5339559984375 0.5898423687500002 0.5515206609375002 0.611685965625 0.496871171875 0.6023401125000002 0.490359753125 0.5326775390625 0.47665692187500003 0.5110269140625 0.52716320625
10 0.6410781453125001 0.42812963437500007 0.563129165625 0.41476444843750004 0.5416071906250001 0.462508596875 0.542730959375 0.46797659375 0.5549675984375 0.47161333125000005 0.61778915625 0.48421646406249996 0.623570725 0.4784670953125 0.6410781453125001 0.42812963437500007
11 0.5679799375 0.399403878125 0.575816075 0.40873370781249996 0.6428451609375001 0.41978695156250007 0.6486267296875 0.4140375828125 0.6660055015625 0.3664622578125 0.5893732640625 0.3544218671875 0.5679799375 0.399403878125
12 0.5956694265625 0.3376239546875 0.5979812921875001 0.34717888125 0.6692179078125 0.356682234375 0.6922496000000001 0.30611967656250005 0.6882993687500001 0.30214529375 0.61693410625 0.29540407812499997 0.5956694265625 0.3376239546875
1 0.6954620062500001 0.29633965156250003 0.7157315625000001 0.24588964062500002 0.641604165625 0.23926097343750002 0.6203394859375 0.28148085 0.62133460625 0.2897109828125 0.6954620062500001 0.29633965156250003
2 0.7202607125 0.2374344109375 0.7376394843750002 0.18985908437500001 0.6633834375000002 0.18599255312500002 0.6450095437500001 0.22533774531250003 0.6487668015625001 0.2334553296875 0.7202607125 0.2374344109375
3 0.6681055609375 0.1733941171875 0.6677839390625 0.1802994578125 0.6731795625000001 0.1828364984375 0.7420399843750002 0.184165990625 0.7607355015625 0.1379154578125 0.6877961984375001 0.13537371874999998 0.6681055609375 0.1733941171875
4 0.7623738671875 0.1323349125 0.7823861265625001 0.0874091734375 0.7107635671875001 0.08619222968750001 0.6912015765625 0.1214504921875 0.6948301859375001 0.1323302140625 0.7623738671875 0.1323349125
52 0.7669444937500001 0.47813885000000006 0.7890453875000001 0.41796509062500004 0.6987311203125001 0.4037253046875 0.6783972390625 0.4555563828125 0.6849166328125 0.4635614203125 0.7669444937500001 0.47813885000000006
52 0.6402040578125 0.535684109375 0.6413278281250001 0.5411521078125 0.7284940140625 0.5637908484375 0.7342755828125 0.5580414796875 0.7534856937500001 0.50074240625 0.663428721875 0.48097834843750004 0.6402040578125 0.535684109375
