13 0.246548 0.224524 0.068830 0.072519
18 0.298107 0.242946 0.068604 0.071176
19 0.348584 0.263741 0.065757 0.072813
20 0.400030 0.284978 0.066664 0.074156
21 0.458657 0.309572 0.065303 0.073567
22 0.510331 0.328288 0.070090 0.076677
23 0.562747 0.347381 0.067697 0.076088
24 0.622407 0.367670 0.067243 0.075793
25 0.678300 0.390103 0.067470 0.077431
14 0.733450 0.412765 0.069637 0.078020
15 0.785237 0.433413 0.069410 0.079362
16 0.839077 0.454879 0.069410 0.079657
17 0.897023 0.478507 0.069410 0.081588
26 0.211754 0.291701 0.070090 0.074745
31 0.262344 0.311236 0.067470 0.074451
32 0.316587 0.330918 0.066664 0.074451
33 0.369797 0.355429 0.068830 0.076382
34 0.423008 0.376896 0.070090 0.076088
35 0.473308 0.401554 0.069863 0.078314
36 0.533938 0.420878 0.067470 0.075499
37 0.595537 0.439906 0.067470 0.077725
38 0.649377 0.462191 0.071803 0.079657
27 0.703331 0.485590 0.067243 0.078773
28 0.755004 0.504011 0.071577 0.081294
29 0.810557 0.528375 0.068604 0.082931
30 0.863994 0.549695 0.069410 0.082931
39 0.174958 0.369420 0.070770 0.076382
44 0.228572 0.388660 0.070317 0.076088
45 0.282525 0.407459 0.069637 0.076677
46 0.338935 0.428778 0.068377 0.076088
47 0.393001 0.449132 0.071803 0.078020
48 0.447181 0.472530 0.067243 0.077725
49 0.502508 0.493408 0.068150 0.077431
50 0.555945 0.515546 0.069410 0.080246
51 0.611951 0.539763 0.069410 0.081588
40 0.665678 0.559969 0.069183 0.083226
41 0.723511 0.580405 0.068956 0.083226
42 0.778661 0.604622 0.071123 0.085157
43 0.835751 0.629216 0.073290 0.085746
0 0.134736 0.443128 0.073970 0.078903
5 0.189659 0.465118 0.071803 0.080834
6 0.242302 0.484653 0.073743 0.080540
7 0.296029 0.506120 0.073517 0.080246
8 0.351179 0.528929 0.071350 0.080540
9 0.408697 0.550920 0.072207 0.081883
10 0.461252 0.574171 0.071350 0.081883
11 0.515949 0.594525 0.073517 0.083814
12 0.573329 0.618594 0.070317 0.085452
1 0.629675 0.641403 0.070997 0.085157
2 0.688932 0.665441 0.070896 0.085681
3 0.743855 0.687694 0.073063 0.086500
4 0.802885 0.711878 0.075230 0.087319
52 0.380178 0.659186 0.075230 0.086335
52 0.444108 0.689951 0.072836 0.087678
