39 0.647304 0.489308 0.081483 0.105468
44 0.292327 0.332491 0.085854 0.107404
45 0.361970 0.321452 0.081789 0.104909
46 0.431512 0.312780 0.081789 0.105484
47 0.499122 0.301174 0.081789 0.106844
26 0.579440 0.499795 0.081990 0.102414
31 0.645401 0.334275 0.080059 0.103837
32 0.714130 0.327643 0.078433 0.101389
33 0.780928 0.318675 0.076807 0.102973
34 0.848184 0.312194 0.078127 0.101310
13 0.513049 0.509595 0.079552 0.102973
15 0.908525 0.518366 0.077620 0.102701
16 0.967850 0.511054 0.064300 0.102701
52 0.840508 0.528165 0.082296 0.103805
5 0.147652 0.566670 0.085854 0.107691
6 0.217854 0.555367 0.083922 0.105756
7 0.288056 0.544464 0.085854 0.107948
1 0.400286 0.712887 0.081789 0.106556
2 0.470335 0.702264 0.083415 0.109339
3 0.538658 0.692608 0.082602 0.109611
