22 0.0581586859375 0.65381604375 0.0642895734375 0.6648484484375001 0.0701932078125 0.6661470031250002 0.12327966093750001 0.6339236296874999 0.14730243750000002 0.6146751859375 0.09911808281250001 0.5214409828125001 0.020964314062500003 0.57010068125 0.0581586859375 0.65381604375
20 0.5600074250000001 0.4723947875000001 0.4915263984375 0.5160805875000002 0.5484753062500002 0.60736908125 0.5563771187500001 0.6103983328125001 0.6238136078125001 0.563900415625 0.5600074250000001 0.4723947875000001
46 0.3361725015625 0.6123185640625 0.2600623609375 0.6646557328125001 0.31333306406250006 0.76611021875 0.31832850937500007 0.7704369656250001 0.3231876046875 0.7689233984375 0.3963459281250001 0.7159369546875001 0.35742607812500005 0.6421715171875001 0.341122496875 0.6146985406250001 0.3361725015625 0.6123185640625
48 0.2341753078125 0.5621230078125 0.3017026953125 0.5195186296875 0.283173684375 0.48058110468750004 0.249703784375 0.4306101109375 0.17927002968750003 0.47451198281250007 0.22436621562500003 0.5612565968750002 0.2341753078125 0.5621230078125
41 0.768541125 0.47371775937500005 0.7595947703125 0.4678763859375 0.6959728390625 0.510048621875 0.6951555515625002 0.516970353125 0.7578717421875001 0.6037170890625001 0.7628671890625001 0.6080438359375 0.7677262843750001 0.6065302718750001 0.8283963984375 0.563708759375 0.8311664140625 0.5565709562500001 0.768541125 0.47371775937500005
7 0.4831278968750001 0.6594912375 0.550564384375 0.6129933187500001 0.490572759375 0.5171620093750001 0.46927454843750005 0.5273258796875 0.418231725 0.563226721875 0.47531698437500003 0.660355525 0.4831278968750001 0.6594912375
9 0.145213359375 0.6090509453125 0.1502542546875 0.6153244625000002 0.153160621875 0.6140269703125001 0.22450256562500004 0.5670969078125 0.22227713593749998 0.5556323578125 0.17636366250000002 0.475809475 0.10202445 0.5201434906250001 0.145213359375 0.6090509453125
2 0.8232621515625 0.42765092343750005 0.7664520453125001 0.46809352031250007 0.825126428125 0.5494320921875 0.8341636828125001 0.5591670031250001 0.83707005 0.5578695109375 0.8919728781250001 0.5195897562500001 0.8966501734375001 0.510289109375 0.830119425 0.42786805625 0.8232621515625 0.42765092343750005
33 0.390169590625 0.7029577796875001 0.39829865468750003 0.715720884375 0.404156840625 0.71507266875 0.47540788437500003 0.664249065625 0.4172780875 0.56430814375 0.36900528125 0.59307118125 0.341122496875 0.6146985406250001 0.390169590625 0.7029577796875001
27 0.4140503015625 0.38412387031250006 0.421089378125 0.392128084375 0.4279012015625 0.39039844843750005 0.4877085765625 0.3525518984375 0.437980546875 0.2770547 0.4243568984375 0.2805139734375 0.37127044687500005 0.3127373453125 0.4140503015625 0.38412387031250006
28 0.455101415625 0.2976059453125 0.487663128125 0.3506051265625 0.4935667625 0.35190368125000004 0.5533741375 0.31405713125 0.49978610000000007 0.240938846875 0.4408414640625 0.2738104359375 0.44306689375 0.285274984375 0.455101415625 0.2976059453125
29 0.5611396 0.3112460734375 0.6151342406250001 0.275994509375 0.5616371046874999 0.20676976406250003 0.549966184375 0.21001296562500002 0.5026924687500002 0.2396413546875 0.5513305078124999 0.31037966406250006 0.5611396 0.3112460734375
30 0.6728070859375 0.23057695 0.617539021875 0.1693553578125 0.5625452937500001 0.20374157343750002 0.6189942468750002 0.27361559531250007 0.674941615625 0.238147959375 0.6728070859375 0.23057695
52 0.8280757968750001 0.4241905875 0.8966501734375001 0.510289109375 0.9025538093750001 0.5115876640625 0.9594093671874999 0.47309183593750004 0.9602266546875001 0.4661701046875 0.8917886296875001 0.38591189531250003 0.8829786265625 0.38591083281250005 0.8280757968750001 0.4241905875
