13 0.194336 0.233887 0.048828 0.073242
18 0.245117 0.235352 0.050781 0.072266
19 0.297852 0.229492 0.048828 0.072266
20 0.349121 0.221680 0.049805 0.072266
21 0.400879 0.221191 0.049805 0.073242
22 0.453125 0.228516 0.050781 0.074219
23 0.504883 0.221191 0.048828 0.073242
24 0.557617 0.238281 0.052734 0.074219
25 0.609375 0.226562 0.050781 0.074219
14 0.661133 0.237793 0.052734 0.071289
15 0.713867 0.236328 0.048828 0.074219
16 0.766113 0.237305 0.049805 0.072266
17 0.818359 0.244141 0.050781 0.074219
26 0.197266 0.359375 0.050781 0.074219
31 0.250977 0.364746 0.052734 0.075195
32 0.303223 0.359375 0.051758 0.072266
33 0.354980 0.345215 0.049805 0.073242
34 0.406250 0.340820 0.050781 0.072266
35 0.458008 0.335938 0.052734 0.074219
36 0.510742 0.335938 0.052734 0.074219
37 0.562500 0.338379 0.050781 0.073242
38 0.614258 0.344238 0.052734 0.073242
27 0.666992 0.357910 0.052734 0.073242
28 0.720703 0.346191 0.050781 0.073242
29 0.772461 0.363281 0.052734 0.074219
30 0.825195 0.363770 0.052734 0.073242
0 0.205078 0.483887 0.054688 0.071289
5 0.257812 0.489746 0.054688 0.071289
6 0.310547 0.490723 0.054688 0.073242
7 0.362305 0.494629 0.052734 0.073242
8 0.415039 0.508301 0.052734 0.073242
9 0.467773 0.501953 0.048828 0.072266
10 0.519531 0.500977 0.050781 0.072266
11 0.570801 0.500977 0.051758 0.072266
12 0.624023 0.505859 0.052734 0.074219
1 0.677246 0.488281 0.049805 0.074219
2 0.729492 0.500977 0.052734 0.072266
3 0.782715 0.492188 0.051758 0.074219
4 0.781250 0.491211 0.046875 0.072266
4 0.833984 0.492188 0.050781 0.074219
39 0.212891 0.631836 0.050781 0.076172
44 0.266602 0.625488 0.052734 0.075195
45 0.319336 0.622559 0.052734 0.075195
46 0.372070 0.634277 0.052734 0.075195
47 0.424805 0.625488 0.052734 0.073242
48 0.477539 0.625488 0.052734 0.073242
49 0.530273 0.622070 0.052734 0.076172
50 0.583008 0.624023 0.052734 0.076172
51 0.636719 0.626465 0.054688 0.075195
40 0.689453 0.625977 0.054688 0.076172
41 0.743164 0.634766 0.056641 0.078125
42 0.796875 0.641602 0.054688 0.076172
43 0.847656 0.641602 0.054688 0.080078
52 0.473633 0.779297 0.056641 0.078125
52 0.552734 0.778809 0.054688 0.075195
