13 0.282227 0.203125 0.072266 0.074219
18 0.331055 0.229492 0.072266 0.072266
19 0.378906 0.257812 0.070312 0.074219
20 0.427734 0.286133 0.070312 0.076172
21 0.482422 0.319336 0.070312 0.076172
22 0.531250 0.345703 0.074219 0.078125
23 0.581055 0.373047 0.072266 0.078125
24 0.637695 0.402344 0.072266 0.078125
25 0.690430 0.432617 0.072266 0.080078
14 0.742188 0.463867 0.074219 0.080078
15 0.791016 0.492188 0.074219 0.082031
16 0.841797 0.521484 0.074219 0.082031
17 0.896484 0.553711 0.074219 0.083984
26 0.240234 0.264648 0.074219 0.076172
31 0.288086 0.291992 0.072266 0.076172
32 0.339844 0.319336 0.070312 0.076172
33 0.389160 0.351562 0.073242 0.078125
34 0.439453 0.380859 0.074219 0.078125
35 0.486328 0.413086 0.074219 0.080078
36 0.543945 0.441406 0.072266 0.078125
37 0.602539 0.469727 0.072266 0.080078
38 0.653320 0.500000 0.076172 0.082031
27 0.704102 0.531250 0.072266 0.082031
28 0.752930 0.557617 0.076172 0.083984
29 0.805664 0.589844 0.072266 0.085938
30 0.855469 0.619141 0.074219 0.085938
39 0.194824 0.335938 0.075195 0.078125
44 0.246094 0.363281 0.074219 0.078125
45 0.296875 0.390625 0.074219 0.078125
46 0.350098 0.419922 0.073242 0.078125
47 0.401367 0.448242 0.076172 0.080078
48 0.452148 0.479492 0.072266 0.080078
49 0.504883 0.508789 0.072266 0.080078
50 0.554688 0.539062 0.074219 0.082031
51 0.607422 0.571289 0.074219 0.083984
40 0.658203 0.599609 0.074219 0.085938
41 0.712891 0.628906 0.074219 0.085938
42 0.764648 0.661133 0.076172 0.087891
43 0.818359 0.694336 0.078125 0.087891
0 0.146484 0.403320 0.078125 0.080078
5 0.198242 0.433594 0.076172 0.082031
6 0.248047 0.460938 0.078125 0.082031
7 0.298828 0.490234 0.078125 0.082031
8 0.350586 0.521484 0.076172 0.082031
9 0.404785 0.551758 0.077148 0.083984
10 0.454102 0.583008 0.076172 0.083984
11 0.505859 0.611328 0.078125 0.085938
12 0.560059 0.643555 0.075195 0.087891
1 0.612793 0.674805 0.075195 0.087891
2 0.668945 0.707520 0.076172 0.088867
3 0.720703 0.738281 0.078125 0.089844
4 0.776367 0.770996 0.080078 0.090820
52 0.364258 0.655273 0.080078 0.087891
52 0.423828 0.695312 0.078125 0.089844
