44 0.144516515625 0.2591096296875 0.0904536359375 0.3447104671875 0.149943475 0.3805243796875 0.204006353125 0.29492354375 0.144516515625 0.2591096296875
45 0.20699994062500002 0.295508046875 0.15399133125 0.37940433593750006 0.21183686875 0.4142603953125 0.264845478125 0.3303641078125001 0.20699994062500002 0.295508046875
39 0.4393611125 0.7624384375000001 0.44657178750000004 0.7562047437500001 0.4928339625 0.6741752000000001 0.433934153125 0.6410236874999999 0.381515575 0.7275823781249999 0.4393611125 0.7624384375000001
50 0.5493872859375 0.5610414453125 0.6082870953125 0.5941929546875001 0.6596514031250001 0.5093388140624999 0.601805865625 0.47448275468750006 0.5935409203125 0.4824209984375 0.5493872859375 0.5610414453125
49 0.6972829156250001 0.717915128125 0.7531891374999999 0.7504821328125 0.80784204375 0.6675436984375 0.7470029218750001 0.632103134375 0.6958078421875 0.7112591203125 0.6972829156250001 0.717915128125
36 0.80784204375 0.6675436984375 0.7555926937499999 0.7484042359375 0.8123839593750001 0.7849648453125 0.8653925687499999 0.7010685578125 0.80784204375 0.6675436984375
9 0.5228198109375 0.18268951875 0.467702659375 0.26999490625 0.52390389375 0.3038931125 0.5790210453125 0.216587725 0.5228198109375 0.18268951875
10 0.5836589343750002 0.218130084375 0.52689748125 0.30447761718750005 0.5847430187500001 0.33933367812500004 0.6388058968750001 0.25373284062500007 0.5836589343750002 0.218130084375
11 0.6428537562500001 0.2526127953125 0.58773660625 0.33991818125000006 0.643937840625 0.3738163890625001 0.6990549921875 0.2865110015625 0.6428537562500001 0.2526127953125
12 0.7009943078125 0.2888000578125 0.6452871281250001 0.373443040625 0.7031326656250001 0.4082991015625 0.7588398437500001 0.3236561171875 0.7009943078125 0.2888000578125
24 0.4823619484375001 0.4072218796875 0.42829906875 0.49282271875000006 0.48450030468750005 0.5267209250000001 0.538563184375 0.44112008906250005 0.4823619484375001 0.4072218796875
37 0.5415567718750002 0.4417045921875 0.48913819218750004 0.5282632828125 0.5463937 0.5604569390624999 0.5977580062500002 0.4756028 0.5415567718750002 0.4417045921875
52 0.2688933359375 0.3292440625 0.213776184375 0.41654945000000004 0.27432029375 0.45065881250000006 0.3283831734375 0.3650579765625 0.2688933359375 0.3292440625
26 0.3791120171875 0.7296602765625 0.43258486875 0.6413970375 0.4053910140625 0.6220777828125 0.3723357734375 0.608618875 0.32021220781250004 0.696508765625 0.3791120171875 0.7296602765625
13 0.498526121875 0.67401300625 0.44340897031250004 0.76131839375 0.4996102062500001 0.7952166 0.5536730875 0.7096157640625 0.498526121875 0.67401300625
