22 0.225586 0.618164 0.087891 0.123047
23 0.311523 0.618652 0.087891 0.118164
14 0.178711 0.322754 0.083984 0.116211
15 0.262695 0.324707 0.083984 0.116211
16 0.346680 0.326172 0.083984 0.117188
17 0.429688 0.325195 0.082031 0.119141
25 0.784180 0.757812 0.083984 0.121094
18 0.701172 0.253906 0.082031 0.117188
31 0.618164 0.252441 0.083984 0.116211
5 0.782227 0.255859 0.080078 0.117188
6 0.621094 0.536133 0.085938 0.119141
12 0.615234 0.758301 0.085938 0.120117
32 0.537109 0.537598 0.082031 0.116211
52 0.705078 0.538086 0.085938 0.119141
45 0.789062 0.541992 0.082031 0.119141
38 0.700195 0.759277 0.083984 0.122070
