13 0.170898 0.617188 0.080078 0.070312
18 0.241211 0.387207 0.076172 0.059570
19 0.337891 0.544922 0.078125 0.070312
20 0.209961 0.457031 0.076172 0.078125
21 0.283203 0.480469 0.074219 0.078125
22 0.648926 0.316406 0.077148 0.074219
23 0.604492 0.528320 0.076172 0.076172
24 0.335938 0.395508 0.078125 0.076172
25 0.291016 0.333984 0.078125 0.074219
14 0.460938 0.439453 0.054688 0.070312
15 0.458008 0.199219 0.076172 0.070312
16 0.489258 0.252930 0.076172 0.068359
17 0.576172 0.219727 0.078125 0.072266
39 0.223633 0.680664 0.076172 0.060547
44 0.332520 0.638672 0.061523 0.078125
45 0.498047 0.512695 0.078125 0.068359
46 0.552734 0.585938 0.070312 0.078125
47 0.551758 0.443359 0.076172 0.078125
48 0.461914 0.706055 0.052734 0.072266
49 0.713867 0.578125 0.072266 0.078125
50 0.754883 0.659180 0.080078 0.076172
51 0.750000 0.502930 0.074219 0.052734
40 0.505859 0.354492 0.074219 0.076172
41 0.715820 0.354492 0.076172 0.076172
42 0.443848 0.296875 0.069336 0.050781
43 0.716797 0.260742 0.058594 0.072266
0 0.145020 0.513184 0.051758 0.069336
5 0.428223 0.582031 0.077148 0.070312
6 0.266602 0.757812 0.072266 0.082031
7 0.334961 0.739258 0.080078 0.080078
8 0.592773 0.368164 0.080078 0.072266
9 0.406738 0.761719 0.055664 0.072266
10 0.516602 0.787109 0.064453 0.078125
11 0.621094 0.749023 0.078125 0.076172
12 0.691406 0.702148 0.074219 0.080078
1 0.800781 0.559570 0.074219 0.080078
2 0.846680 0.471680 0.072266 0.052734
3 0.759766 0.430664 0.078125 0.076172
4 0.808594 0.375000 0.074219 0.078125
52 0.472656 0.626953 0.078125 0.062500
52 0.614258 0.649414 0.080078 0.076172
26 0.268066 0.601562 0.053711 0.070312
31 0.223145 0.535156 0.077148 0.066406
32 0.385254 0.671875 0.073242 0.058594
33 0.417969 0.528320 0.078125 0.068359
34 0.381348 0.459961 0.073242 0.060547
35 0.538086 0.693359 0.056641 0.074219
36 0.666016 0.605469 0.078125 0.078125
37 0.665039 0.475586 0.076172 0.076172
38 0.649902 0.413086 0.079102 0.068359
27 0.418945 0.366211 0.066406 0.052734
28 0.345703 0.274414 0.074219 0.060547
29 0.569824 0.296387 0.075195 0.065430
30 0.644531 0.235840 0.062500 0.075195
