39 0.158980 0.460323 0.079213 0.096392
41 0.336383 0.685410 0.085449 0.118229
48 0.546831 0.486425 0.080240 0.093282
42 0.882238 0.518606 0.088388 0.090457
47 0.626578 0.271629 0.070733 0.071985
46 0.682478 0.266541 0.071411 0.069404
45 0.569546 0.272544 0.072996 0.072927
13 0.235136 0.454166 0.076044 0.095779
26 0.309645 0.450733 0.075489 0.092256
28 0.254635 0.694270 0.083736 0.119171
29 0.820680 0.524170 0.086125 0.094308
27 0.676598 0.707819 0.096424 0.115119
38 0.603896 0.717991 0.095179 0.120567
37 0.526892 0.728634 0.094161 0.123106
52 0.613821 0.481845 0.082503 0.089431
52 0.391495 0.302024 0.072656 0.078819
10 0.327844 0.306134 0.072089 0.080417
9 0.480577 0.491805 0.079675 0.094224
2 0.167164 0.703601 0.088943 0.122366
23 0.262556 0.309752 0.070272 0.081686
16 0.756747 0.530206 0.089292 0.094594
