13 0.271484 0.712891 0.066406 0.070312
18 0.248535 0.505859 0.061523 0.046875
19 0.380371 0.598633 0.063477 0.048828
20 0.247070 0.572266 0.056641 0.066406
21 0.313965 0.565430 0.047852 0.064453
22 0.549805 0.311035 0.064453 0.049805
23 0.585938 0.495117 0.066406 0.056641
24 0.328125 0.479492 0.058594 0.068359
25 0.270996 0.446289 0.063477 0.052734
14 0.442871 0.471680 0.051758 0.064453
15 0.357422 0.280273 0.066406 0.068359
16 0.402344 0.312988 0.058594 0.043945
17 0.460938 0.256836 0.062500 0.048828
39 0.335449 0.746094 0.063477 0.050781
44 0.407227 0.675293 0.048828 0.063477
45 0.496094 0.518066 0.056641 0.043945
46 0.565430 0.558594 0.068359 0.066406
47 0.515625 0.445312 0.066406 0.058594
48 0.535156 0.684570 0.054688 0.068359
49 0.690430 0.497070 0.068359 0.064453
50 0.750488 0.548340 0.065430 0.053711
51 0.693359 0.423828 0.070312 0.062500
40 0.450195 0.390137 0.052734 0.063477
41 0.617188 0.318359 0.054688 0.066406
42 0.380371 0.364258 0.067383 0.060547
43 0.586426 0.242188 0.049805 0.060547
0 0.214844 0.639648 0.062500 0.068359
5 0.464844 0.597656 0.066406 0.070312
6 0.395508 0.791992 0.068359 0.068359
7 0.444824 0.753906 0.067383 0.058594
8 0.523438 0.371094 0.062500 0.066406
9 0.509766 0.748047 0.062500 0.070312
10 0.603516 0.730469 0.044922 0.060547
11 0.673340 0.665039 0.063477 0.052734
12 0.713867 0.603516 0.068359 0.066406
1 0.752930 0.454102 0.052734 0.064453
2 0.760742 0.367188 0.068359 0.062500
3 0.678223 0.364258 0.065430 0.056641
4 0.698242 0.302734 0.068359 0.062500
26 0.342773 0.666992 0.056641 0.068359
31 0.284180 0.629883 0.068359 0.068359
32 0.459961 0.683594 0.064453 0.054688
33 0.437500 0.558594 0.066406 0.066406
34 0.385742 0.516602 0.068359 0.064453
35 0.588379 0.649902 0.051758 0.063477
36 0.661133 0.535156 0.068359 0.058594
37 0.616211 0.432617 0.068359 0.060547
38 0.583984 0.387695 0.066406 0.068359
27 0.382812 0.427734 0.066406 0.054688
28 0.293457 0.379883 0.069336 0.064453
29 0.480957 0.321289 0.057617 0.041016
30 0.518555 0.244629 0.042969 0.059570
52 0.515625 0.617188 0.066406 0.066406
52 0.635742 0.586914 0.060547 0.068359
