0 0.165527 0.431152 0.098633 0.127930
8 0.280762 0.429688 0.098633 0.128906
10 0.384286 0.431320 0.097143 0.130218
31 0.497070 0.428711 0.091797 0.130859
37 0.687500 0.427246 0.097656 0.129883
28 0.781738 0.425781 0.094727 0.132812
30 0.877930 0.425781 0.099609 0.132812
39 0.139696 0.562988 0.097751 0.127930
39 0.258789 0.563477 0.099609 0.130859
42 0.388672 0.561523 0.093750 0.130859
18 0.679688 0.562012 0.097656 0.129883
17 0.844727 0.558594 0.099609 0.132812
52 0.591032 0.426758 0.092221 0.130859
