13 0.472655 0.811327 0.043505 0.061255
18 0.318278 0.669718 0.067482 0.069974
19 0.477988 0.653884 0.067712 0.064781
20 0.360714 0.720476 0.058524 0.068114
21 0.406063 0.671799 0.063100 0.070456
22 0.415271 0.324343 0.069090 0.062026
23 0.564214 0.439342 0.068207 0.057122
24 0.358838 0.598068 0.055414 0.066544
25 0.294511 0.609928 0.068825 0.060359
14 0.440985 0.517067 0.067888 0.062738
15 0.250730 0.427710 0.043681 0.058307
16 0.305569 0.423938 0.068153 0.063885
17 0.312980 0.342894 0.068913 0.063211
39 0.540269 0.793364 0.067658 0.070359
44 0.549341 0.692695 0.068383 0.068760
45 0.512875 0.516566 0.068153 0.065166
46 0.589156 0.501796 0.058364 0.041427
47 0.478302 0.447739 0.064072 0.055359
48 0.650606 0.616873 0.070645 0.064405
49 0.643966 0.372519 0.060167 0.042574
50 0.722925 0.372740 0.069938 0.060166
51 0.599083 0.316298 0.056667 0.067671
40 0.391852 0.449391 0.061722 0.067026
41 0.469473 0.286080 0.057057 0.066929
42 0.322462 0.476358 0.057692 0.066197
43 0.396433 0.249046 0.068737 0.066197
0 0.381150 0.792473 0.067305 0.057998
5 0.541007 0.597485 0.042038 0.058345
6 0.616559 0.790396 0.058347 0.041900
7 0.628804 0.728930 0.068207 0.056736
8 0.435531 0.387337 0.045006 0.060166
9 0.672819 0.681437 0.066192 0.055628
10 0.732851 0.606025 0.069850 0.068760
11 0.741702 0.511941 0.070027 0.061544
12 0.731646 0.437078 0.061899 0.044848
1 0.662518 0.298686 0.060167 0.068500
2 0.610382 0.228703 0.056402 0.067671
3 0.547451 0.280998 0.066740 0.058403
4 0.522508 0.220919 0.060644 0.049559
26 0.495916 0.729181 0.069355 0.064405
31 0.427277 0.740255 0.044881 0.063124
32 0.594231 0.664828 0.064902 0.069463
33 0.495030 0.584021 0.042708 0.059241
34 0.427654 0.587489 0.049599 0.064020
35 0.668407 0.553725 0.070203 0.064916
36 0.647987 0.420916 0.066828 0.055937
37 0.546180 0.372167 0.065362 0.055166
38 0.491315 0.361599 0.041720 0.058345
27 0.367831 0.522342 0.062763 0.068182
28 0.267518 0.545075 0.051419 0.061197
29 0.369613 0.377939 0.068418 0.065552
30 0.349149 0.296202 0.068383 0.067093
52 0.593345 0.578832 0.045959 0.062931
52 0.662972 0.476540 0.052481 0.063307
