5 0.23883800000000002 0.5927195796875 0.27176871250000006 0.546412784375 0.20738823125 0.49916002500000006 0.18518186875 0.524642946875 0.17131118125 0.5448566859375 0.23883800000000002 0.5927195796875
6 0.4882551453125 0.3642280546875 0.4572601234375 0.43670400625000005 0.5076901031250002 0.46116537968750004 0.5386851234375002 0.38868943125 0.4882551453125 0.3642280546875
9 0.34845223750000004 0.422453315625 0.3868233625 0.39640113281250006 0.38851950625 0.38972297656250005 0.3451820406250001 0.3249467328125 0.3044695390625 0.34895401875 0.29713748125 0.3564215796875 0.299801471875 0.36282800156250006 0.3410077453125 0.42247910937500005 0.34845223750000004 0.422453315625
2 0.2716562796875 0.5389710187500001 0.3447960578125 0.5033032015625001 0.3196567953125 0.45360484375 0.2556576546875 0.482568709375 0.2483255953125 0.4900362703125001 0.2716562796875 0.5389710187500001
3 0.4141135171875 0.605456840625 0.4664204609375 0.58423226875 0.43424239375000007 0.5104354453125 0.38959012187500003 0.5285539828125 0.38225806250000005 0.53602154375 0.4141135171875 0.605456840625
45 0.428093003125 0.27333424375000004 0.42458828125 0.2792487875 0.4393258078125 0.35413254218750007 0.49440917656250005 0.34675615937500004 0.49631550312500006 0.3369977625 0.48009201562500003 0.2657119203125 0.428093003125 0.27333424375000004
40 0.8016277625000001 0.44372287343750005 0.8192784875 0.43955570000000005 0.8521261296875 0.4217346890625 0.8477513125 0.404042646875 0.81484494375 0.35000855468750003 0.8081434328125001 0.34823539218750005 0.766898134375 0.3709613953125 0.7621176328125001 0.3773936125000001 0.7658472203125 0.3863626015625 0.8016277625000001 0.44372287343750005
42 0.534598540625 0.2031629265625 0.4958070484375 0.23537559375 0.5440374500000001 0.3011613890625 0.5892078359374999 0.2663603593750001 0.5474687640625 0.20542796875 0.5409774359375 0.2005745640625 0.534598540625 0.2031629265625
52 0.5772420890625 0.45989789218750005 0.5722514046875 0.4694103484375 0.6034469468750001 0.5121588203125 0.6649922796875001 0.47370828906250007 0.6705157609375001 0.4654771171875 0.6369788437499999 0.42068375 0.5772420890625 0.45989789218750005
32 0.7193083234375 0.5684717484375 0.7127192437500001 0.5741403531250001 0.71357465625 0.5797831625 0.7678613375000002 0.638619071875 0.8086715890625 0.6040897750000002 0.75714665 0.5411382812500002 0.7193083234375 0.5684717484375
