13 0.0481458296875 0.6988914015625002 0.0977318796875 0.6548546531250001 0.057231503125000006 0.6062441921875 0.010646342187500003 0.6437766515625001 0.010792084375 0.6529765578125 0.0481458296875 0.6988914015625002
18 0.10932958906250001 0.6424049031250001 0.15521740781249999 0.60004003125 0.11536579062500002 0.553195346875 0.0724788609375 0.58905593125 0.0701267296875 0.5973259984375 0.10932958906250001 0.6424049031250001
19 0.12886119531250004 0.5429762953125 0.130856053125 0.551340265625 0.16306830625000002 0.5861955187500002 0.17181086718750002 0.5894499625 0.21400045468750004 0.5487569640625 0.1717481234375 0.5071157109375 0.12886119531250004 0.5429762953125
20 0.1845947703125 0.4951308796875 0.1872383875 0.50526063125 0.2268956828125 0.5398387703124999 0.2630349078125 0.5090877125 0.269085271875 0.4991457718750001 0.2237834671875 0.46094217031250007 0.1845947703125 0.4951308796875
21 0.289376959375 0.48688383125000007 0.33036619218749996 0.44879254687500003 0.2813661578125 0.41226081875000004 0.24587569218750002 0.44477765625 0.245372675 0.45221178593750005 0.289376959375 0.48688383125000007
22 0.29421280312500003 0.4002759875 0.2930610296875 0.4059443390625 0.33586495625 0.4432181015625 0.37630259218750006 0.4094943093750001 0.37370755624999996 0.40243119687500006 0.33284990468750003 0.37045477187500003 0.29421280312500003 0.4002759875
23 0.3419983203125 0.36014181562500003 0.34334441875000005 0.366740009375 0.3879003015625 0.39704455937500005 0.419140940625 0.3705670890625 0.42519130312500003 0.36062515 0.37813754687500006 0.32939075625 0.3419983203125 0.36014181562500003
24 0.437437771875 0.3499411765625 0.4728796578125001 0.3143577046875001 0.4227764296875 0.28656096249999996 0.3903354328125 0.3156401484375 0.38983241718750006 0.323074278125 0.437437771875 0.3499411765625
25 0.4827254125 0.30887716093750006 0.5188160578125001 0.2750594671875 0.4712107031250001 0.24819256718750002 0.43627183437500006 0.2763419125 0.440764565625 0.2856357234375 0.4827254125 0.30887716093750006
14 0.529310571875 0.271344703125 0.5635521015625001 0.23836294375 0.5140976312500002 0.21233198281250001 0.4810078765625 0.23964538906250002 0.4823539765625 0.2462435828125 0.529310571875 0.271344703125
15 0.5208453359375 0.20722245625000002 0.521542675 0.212054871875 0.5378274375000001 0.221165478125 0.5721974999999999 0.23548411875 0.6027408000000002 0.20417423437500004 0.551437215625 0.1789792078125 0.5208453359375 0.20722245625000002
16 0.5600340328125001 0.17303374687500003 0.562028890625 0.1813977171875 0.6070392078125 0.201201503125 0.6291314312500002 0.1850369890625 0.64008038125 0.17082145937499998 0.58942555625 0.1473922125 0.5600340328125001 0.17303374687500003
17 0.6480770218750002 0.16617685468750001 0.6811181953125001 0.1357968125 0.6311121281250002 0.11413334375 0.6010718453125001 0.1380090984375 0.6012175875 0.14720900625 0.6480770218750002 0.16617685468750001
26 0.09203574375000001 0.7655306625 0.144671265625 0.718056265625 0.101575853125 0.6623826890625 0.05258998125 0.7051185765625001 0.05078944531250001 0.70902115 0.09203574375000001 0.7655306625
31 0.15996720625 0.703934640625 0.20575786250000003 0.6554364968749999 0.15786102500000002 0.6101697796875002 0.11442250000000001 0.650397859375 0.1145682421875 0.6595977671875 0.15996720625 0.703934640625
32 0.22050220625 0.645682365625 0.265741265625 0.6015517140625 0.21969354375000003 0.5554490625 0.17495750000000002 0.5921455828125 0.1744544828125 0.5995797140625 0.22050220625 0.645682365625
33 0.28233472500000006 0.5909616468750001 0.3263734281250001 0.5494327109375 0.278476590625 0.5041659953125001 0.23558966250000002 0.5400265812500001 0.2350866453125 0.547460709375 0.28233472500000006 0.5909616468750001
34 0.3796091296875 0.5006574546875 0.37701409375 0.493594340625 0.33236105000000005 0.45715651875 0.2894741203125 0.4930171015625 0.33861989687500005 0.5387487375 0.3796091296875 0.5006574546875
35 0.3465052140625 0.44870324375000004 0.3478513125 0.4553014375 0.39250435625 0.4917392609375 0.4145965796875 0.475574746875 0.4353427046875 0.452812040625 0.3856939109375 0.4145145343750001 0.3465052140625 0.44870324375000004
36 0.39844339687499997 0.39639643125 0.39794037968749996 0.4038305625 0.44629165468750004 0.4385965109375001 0.48543177187500003 0.4013411640625 0.48348549375000005 0.39604382812500005 0.434582621875 0.36564537343750003 0.39844339687499997 0.39639643125
37 0.49822983750000005 0.3862896984375 0.5348720796875001 0.3481045093750001 0.4834713328125 0.31677621093749997 0.4461317515625 0.35012898593749997 0.45562023125 0.36128248281249997 0.49822983750000005 0.3862896984375
38 0.4914193921875001 0.30906497187500004 0.50405450625 0.32291408750000006 0.5435174796875 0.3452256828125 0.5789593640625 0.30964220937500003 0.5770130890625 0.30434487343750005 0.5275586171875001 0.2783139125 0.4914193921875001 0.30906497187500004
27 0.612957990625 0.26132727031249997 0.56859643125 0.243289265625 0.5361554359375001 0.2723684484375 0.54064816875 0.2816622625 0.5869560046875 0.30499760468750003 0.594352465625 0.30165385781250004 0.6223978906250001 0.26941413125 0.612957990625 0.26132727031249997
28 0.6273450578124999 0.26820717968749996 0.6609378296874999 0.23345964218750004 0.6071363703125 0.207334775 0.57589573125 0.2338122453125 0.578539346875 0.24394199375 0.6273450578124999 0.26820717968749996
29 0.6157331875000001 0.20138931250000003 0.6170792859375 0.20798750625000004 0.6677341125 0.2314167515625 0.6940761656250001 0.20921287031250002 0.701326884375 0.19666921562500003 0.6488229421875 0.1740759046875 0.6157331875000001 0.20138931250000003
30 0.7044249359375 0.19629819843750004 0.7374661093750001 0.16591815625000003 0.6818155359375 0.14062922656250001 0.6542731265625 0.16543482187500003 0.6537701109375 0.17286895312500003 0.7044249359375 0.19629819843750004
39 0.10712015 0.7772429859375001 0.10476801875 0.7855130515625001 0.1434678609375 0.8380260875 0.15350793906250002 0.8448120906250001 0.2060463015625 0.7912044203125 0.15730637968750003 0.73190538125 0.10712015 0.7772429859375001
44 0.22069348125000002 0.7753170171875001 0.27018237031250003 0.7251469984375002 0.2183929765625 0.6692856109375 0.17190497968750004 0.71295134375 0.172050721875 0.72215125 0.22069348125000002 0.7753170171875001
45 0.2848295515625 0.7092595953125 0.33246932500000004 0.6599255140625 0.2782792203125 0.6092675593750001 0.23364033750000002 0.6520973515625 0.2331373203125 0.65953148125 0.2848295515625 0.7092595953125
46 0.29417533749999997 0.5938450765625002 0.30246346093750004 0.6076002890625001 0.34591615 0.6466398265625 0.39115521093750005 0.602509175 0.3885601734375 0.5954460625 0.3376138640625 0.5536169968750001 0.29417533749999997 0.5938450765625002
47 0.35101210625 0.5372646750000002 0.3505090890625 0.5446988046875 0.4002550453125 0.5891295828125002 0.44429375000000004 0.547600646875 0.4410499546875 0.5387717546874999 0.3914011625 0.5004742484375 0.35101210625 0.5372646750000002
48 0.40609692343750003 0.48765348125 0.403744790625 0.49592354843750003 0.46023844843750006 0.5352448015625 0.49993016250000005 0.493621959375 0.4979838859375 0.488324625 0.44093863125 0.453370865625 0.40609692343750003 0.48765348125
49 0.45683475 0.43794838281250004 0.4563317328125 0.4453825140625 0.510327515625 0.48377392500000005 0.5488188734375 0.44475280000000006 0.5462238375 0.4376896859375 0.49417433125 0.40459560937500005 0.45683475 0.43794838281250004
50 0.5598649859375 0.43667054218750007 0.5977075843749999 0.3958836375 0.5388132140625 0.3617658171875 0.50397150625 0.3960484328125 0.5059663640625 0.40441240312500004 0.5598649859375 0.43667054218750007
51 0.6075533390625001 0.390403096875 0.6460446968750001 0.3513819703125 0.5896482015625 0.318193990625 0.5523086187499999 0.351546765625 0.5536547171875 0.3581449578125 0.6075533390625001 0.390403096875
40 0.5938980312500001 0.3121546234375 0.5952441281249999 0.318752815625 0.652192221875 0.347573303125 0.6869853484375 0.3102240515625 0.6800433234375002 0.3030670328125 0.6275393812500001 0.280473721875 0.5938980312500001 0.3121546234375
41 0.6943332296875 0.3038136687500001 0.727277240625 0.26730035156250004 0.6666309171875 0.2401517390625 0.637888153125 0.26755905156250004 0.6355360203125001 0.27582911875 0.6943332296875 0.3038136687500001
42 0.6770768515625001 0.23337033906250004 0.6784229500000001 0.2399685328125 0.734073525 0.2652574640625 0.7646654046875 0.2370142140625 0.768866653125 0.22790821093750002 0.7095178468750002 0.20429115625000002 0.6770768515625001 0.23337033906250004
43 0.77381381875 0.22670125781250003 0.8080553500000001 0.19371950000000002 0.7499069 0.16750072812500003 0.7186662625000001 0.1939781984375 0.718812003125 0.2031781078125 0.77381381875 0.22670125781250003
0 0.16119588437500001 0.8598681593749999 0.16004411093749998 0.865536509375 0.21082746875 0.93626615625 0.2261719890625 0.9252111671875 0.2682644171875 0.8783848953125001 0.21563194218750004 0.8084911875 0.16119588437500001 0.8598681593749999
5 0.2859610703125 0.8590598406250001 0.33969978749999996 0.8028504546875 0.28096836875000003 0.7398320515625 0.2320796578125 0.7887012125 0.2505536015625 0.818442334375 0.2859610703125 0.8590598406250001
6 0.351297496875 0.7904007046875 0.4001376265625 0.7384649078125002 0.3402058515625 0.67804821875 0.2931662562500001 0.7260814421874999 0.32737336718750004 0.7693006640625 0.351297496875 0.7904007046875
7 0.41108657656250003 0.7242493796875 0.4580775906250001 0.6731495187500001 0.398242978125 0.6188661015625 0.3524037390625 0.6642976109375001 0.35374983750000005 0.6708958046875 0.41108657656250003 0.7242493796875
8 0.4141390953125 0.6034436187500001 0.41613395312500007 0.6118075906250001 0.47217317343750004 0.661629609375 0.5161147171875 0.6139674015625002 0.51351968125 0.6069042890625002 0.45692886406250005 0.5614497640625 0.4141390953125 0.6034436187500001
9 0.47097586562500005 0.5468632171875 0.47047284843750004 0.5542973484375001 0.5314106578125 0.5998457781250001 0.572302728125 0.555621221875 0.5665610578125 0.5458624875 0.5100674015625 0.506541234375 0.47097586562500005 0.5468632171875
10 0.6254412671875 0.5007126921875001 0.5614539875000001 0.458601915625 0.5235628062500001 0.49632218281249996 0.52241103125 0.5019905359375 0.53185093125 0.5100773953125 0.58270008125 0.5457731859375 0.5900965421875001 0.5424294390625 0.6254412671875 0.5007126921875001
11 0.571802759375 0.4456872437500001 0.575095134375 0.45758277343750003 0.6302912734375 0.49337246875 0.637687734375 0.490028721875 0.6718321031250002 0.45091369062500003 0.6084935812500002 0.41056869218750003 0.571802759375 0.4456872437500001
12 0.6206914703125 0.39681808281250003 0.618988096875 0.406853928125 0.678531225 0.442737528125 0.7188716984375 0.40288046718750004 0.7169254218750001 0.39758313125 0.6561819359375001 0.364301246875 0.6206914703125 0.39681808281250003
1 0.725570821875 0.39470430468750006 0.7634134203125001 0.3539174015625 0.7001720609375 0.3197056734375 0.6646815937500001 0.35222251093750007 0.6623294609375 0.3604925781250001 0.725570821875 0.39470430468750006
2 0.7707613000000001 0.34750701875 0.80490566875 0.30839198749999996 0.740463953125 0.276781975 0.708671715625 0.3076269390625 0.7088174578124999 0.31682684843750003 0.7707613000000001 0.34750701875
3 0.7496123687500001 0.26646901875 0.7466114765625002 0.2729733078125 0.7504068703125001 0.2774347046875 0.81105319375 0.30458331875 0.8458463203125 0.2672340671875 0.7820533640625 0.23738983281250003 0.7496123687500001 0.26646901875
4 0.849495971875 0.26249555781250006 0.8849378562500001 0.22691208281250003 0.8217936578125 0.1988336296875 0.7905530187500001 0.22531109843750002 0.7894984046875 0.237112721875 0.849495971875 0.26249555781250006
52 0.7175852953125 0.5959846328125 0.760878078125 0.5465566468749999 0.6862505421875 0.4989607234375 0.6478077656250001 0.5410484859375 0.65045138125 0.551178234375 0.7175852953125 0.5959846328125
52 0.5823741765625 0.6035743499999999 0.5812224015624999 0.6092427015624999 0.6497509953125 0.663713928125 0.6571474562499999 0.6603701796875 0.6967420093750001 0.6126140671875 0.6245151859375 0.559814715625 0.5823741765625 0.6035743499999999
