18 0.533691 0.128906 0.096680 0.093750
13 0.541016 0.452148 0.093750 0.095703
13 0.644531 0.728516 0.093750 0.085938
19 0.697266 0.144531 0.078125 0.097656
21 0.618164 0.208008 0.087891 0.099609
20 0.185547 0.506836 0.101562 0.072266
22 0.503418 0.723633 0.090820 0.072266
24 0.340820 0.774414 0.087891 0.099609
17 0.602539 0.361328 0.091797 0.097656
15 0.597168 0.628906 0.086914 0.078125
25 0.406250 0.518555 0.097656 0.095703
0 0.389648 0.156250 0.083984 0.101562
0 0.708008 0.306641 0.087891 0.097656
8 0.280762 0.548828 0.098633 0.078125
9 0.465820 0.851074 0.066406 0.090820
10 0.392578 0.313477 0.097656 0.103516
11 0.410156 0.418945 0.097656 0.091797
34 0.250488 0.641602 0.098633 0.076172
33 0.294922 0.247070 0.105469 0.099609
35 0.380859 0.636719 0.074219 0.093750
28 0.494141 0.233398 0.097656 0.091797
30 0.498047 0.352539 0.085938 0.099609
46 0.616211 0.518555 0.076172 0.091797
48 0.686523 0.552734 0.080078 0.093750
49 0.739258 0.675781 0.076172 0.089844
43 0.498047 0.600586 0.074219 0.091797
52 0.678711 0.425781 0.091797 0.085938
