39 0.619141 0.523438 0.070312 0.097656
44 0.291992 0.319336 0.072266 0.099609
45 0.362305 0.317871 0.068359 0.096680
46 0.432617 0.319336 0.068359 0.099609
47 0.500977 0.316895 0.068359 0.098633
26 0.549805 0.524902 0.068359 0.096680
31 0.640625 0.370117 0.074219 0.099609
32 0.709961 0.373047 0.072266 0.097656
33 0.778320 0.373535 0.068359 0.098633
34 0.845703 0.376465 0.070312 0.096680
13 0.481445 0.524414 0.068359 0.095703
15 0.873047 0.588379 0.066406 0.094727
16 0.939453 0.591309 0.066406 0.096680
52 0.804688 0.587891 0.070312 0.097656
5 0.112305 0.530762 0.072266 0.100586
6 0.183594 0.529785 0.070312 0.098633
7 0.254883 0.528320 0.072266 0.099609
1 0.339844 0.709961 0.070312 0.097656
2 0.410156 0.708984 0.070312 0.101562
3 0.478516 0.708984 0.070312 0.101562
