13 0.138672 0.351562 0.054688 0.074219
18 0.202148 0.350586 0.052734 0.072266
19 0.267090 0.353516 0.053711 0.074219
20 0.329102 0.353516 0.052734 0.074219
21 0.402832 0.356934 0.053711 0.073242
22 0.461914 0.355957 0.052734 0.073242
23 0.526367 0.354980 0.050781 0.073242
24 0.593750 0.352539 0.052734 0.074219
25 0.658203 0.353027 0.050781 0.073242
14 0.720703 0.354980 0.050781 0.073242
15 0.779297 0.356934 0.054688 0.071289
16 0.836426 0.356934 0.051758 0.071289
17 0.900391 0.357422 0.052734 0.070312
26 0.138672 0.439453 0.054688 0.074219
31 0.201172 0.437500 0.058594 0.078125
32 0.268066 0.436523 0.051758 0.072266
33 0.333008 0.439453 0.052734 0.074219
34 0.397461 0.439453 0.052734 0.074219
35 0.460938 0.445801 0.050781 0.073242
36 0.529297 0.440430 0.050781 0.072266
37 0.597656 0.436523 0.050781 0.072266
38 0.659180 0.437500 0.052734 0.074219
27 0.720215 0.437988 0.055664 0.073242
28 0.776855 0.438477 0.051758 0.072266
29 0.836914 0.439453 0.052734 0.074219
30 0.895508 0.440430 0.052734 0.072266
39 0.138672 0.533203 0.054688 0.074219
44 0.204590 0.529785 0.053711 0.073242
45 0.271484 0.528320 0.052734 0.074219
46 0.337891 0.526855 0.052734 0.073242
47 0.402344 0.524414 0.050781 0.072266
48 0.466797 0.526855 0.052734 0.075195
49 0.530273 0.524414 0.050781 0.072266
50 0.592285 0.525879 0.053711 0.073242
51 0.655273 0.527344 0.052734 0.074219
40 0.713867 0.526855 0.054688 0.075195
41 0.776855 0.521973 0.055664 0.075195
42 0.834961 0.523438 0.054688 0.074219
43 0.896484 0.525391 0.050781 0.074219
13 0.136719 0.624512 0.054688 0.075195
18 0.205078 0.623047 0.054688 0.074219
19 0.267578 0.621582 0.054688 0.073242
20 0.331055 0.618652 0.052734 0.075195
21 0.397461 0.619141 0.052734 0.074219
22 0.462891 0.618164 0.052734 0.074219
23 0.525391 0.619141 0.050781 0.074219
24 0.586426 0.617188 0.051758 0.074219
25 0.648926 0.617188 0.051758 0.074219
14 0.710938 0.615234 0.052734 0.074219
15 0.774414 0.614258 0.054688 0.072266
16 0.834473 0.613281 0.051758 0.074219
17 0.895508 0.613770 0.052734 0.073242
52 0.483398 0.729980 0.052734 0.075195
52 0.558594 0.731934 0.052734 0.077148
